#asicid/I:asicch/I:detid/I:stripid/I:material/I:posx/F:posy/F:posz/F:widthx/F:widthy/F:widthz/F:badch/I:ethre/F:
0 0 12 1024 1 15.875 0.0 -16.0 0.25 -1 0.75 1 5.0 gain_func_r000_000_000
0 2 12 1025 1 15.625 0.0 -16.0 0.25 -1 0.75 0 5.0 gain_func_r000_000_001
0 4 12 1026 1 15.375 0.0 -16.0 0.25 -1 0.75 0 5.0 gain_func_r000_000_002
0 6 12 1027 1 15.125 0.0 -16.0 0.25 -1 0.75 0 5.0 gain_func_r000_000_003
0 8 12 1028 1 14.875 0.0 -16.0 0.25 -1 0.75 0 5.0 gain_func_r000_000_004
0 10 12 1029 1 14.625 0.0 -16.0 0.25 -1 0.75 0 5.0 gain_func_r000_000_005
0 12 12 1030 1 14.375 0.0 -16.0 0.25 -1 0.75 0 5.0 gain_func_r000_000_006
0 14 12 1031 1 14.125 0.0 -16.0 0.25 -1 0.75 0 5.0 gain_func_r000_000_007
0 16 12 1032 1 13.875 0.0 -16.0 0.25 -1 0.75 0 5.0 gain_func_r000_000_008
0 18 12 1033 1 13.625 0.0 -16.0 0.25 -1 0.75 0 5.0 gain_func_r000_000_009
0 20 12 1034 1 13.375 0.0 -16.0 0.25 -1 0.75 0 5.0 gain_func_r000_000_010
0 22 12 1035 1 13.125 0.0 -16.0 0.25 -1 0.75 0 5.0 gain_func_r000_000_011
0 24 12 1036 1 12.875 0.0 -16.0 0.25 -1 0.75 0 5.0 gain_func_r000_000_012
0 26 12 1037 1 12.625 0.0 -16.0 0.25 -1 0.75 0 5.0 gain_func_r000_000_013
0 28 12 1038 1 12.375 0.0 -16.0 0.25 -1 0.75 0 5.0 gain_func_r000_000_014
0 30 12 1039 1 12.125 0.0 -16.0 0.25 -1 0.75 0 5.0 gain_func_r000_000_015
0 32 12 1040 1 11.875 0.0 -16.0 0.25 -1 0.75 0 5.0 gain_func_r000_000_016
0 34 12 1041 1 11.625 0.0 -16.0 0.25 -1 0.75 0 5.0 gain_func_r000_000_017
0 36 12 1042 1 11.375 0.0 -16.0 0.25 -1 0.75 0 5.0 gain_func_r000_000_018
0 38 12 1043 1 11.125 0.0 -16.0 0.25 -1 0.75 0 5.0 gain_func_r000_000_019
0 40 12 1044 1 10.875 0.0 -16.0 0.25 -1 0.75 0 5.0 gain_func_r000_000_020
0 42 12 1045 1 10.625 0.0 -16.0 0.25 -1 0.75 0 5.0 gain_func_r000_000_021
0 44 12 1046 1 10.375 0.0 -16.0 0.25 -1 0.75 0 5.0 gain_func_r000_000_022
0 46 12 1047 1 10.125 0.0 -16.0 0.25 -1 0.75 0 5.0 gain_func_r000_000_023
0 48 12 1048 1 9.875 0.0 -16.0 0.25 -1 0.75 0 5.0 gain_func_r000_000_024
0 50 12 1049 1 9.625 0.0 -16.0 0.25 -1 0.75 0 5.0 gain_func_r000_000_025
0 52 12 1050 1 9.375 0.0 -16.0 0.25 -1 0.75 0 5.0 gain_func_r000_000_026
0 54 12 1051 1 9.125 0.0 -16.0 0.25 -1 0.75 0 5.0 gain_func_r000_000_027
0 56 12 1052 1 8.875 0.0 -16.0 0.25 -1 0.75 0 5.0 gain_func_r000_000_028
0 58 12 1053 1 8.625 0.0 -16.0 0.25 -1 0.75 0 5.0 gain_func_r000_000_029
0 60 12 1054 1 8.375 0.0 -16.0 0.25 -1 0.75 0 5.0 gain_func_r000_000_030
0 62 12 1055 1 8.125 0.0 -16.0 0.25 -1 0.75 0 5.0 gain_func_r000_000_031
1 0 12 1056 1 7.875 0.0 -16.0 0.25 -1 0.75 0 5.0 gain_func_r000_001_000
1 2 12 1057 1 7.625 0.0 -16.0 0.25 -1 0.75 0 5.0 gain_func_r000_001_001
1 4 12 1058 1 7.375 0.0 -16.0 0.25 -1 0.75 0 5.0 gain_func_r000_001_002
1 6 12 1059 1 7.125 0.0 -16.0 0.25 -1 0.75 0 5.0 gain_func_r000_001_003
1 8 12 1060 1 6.875 0.0 -16.0 0.25 -1 0.75 0 5.0 gain_func_r000_001_004
1 10 12 1061 1 6.625 0.0 -16.0 0.25 -1 0.75 0 5.0 gain_func_r000_001_005
1 12 12 1062 1 6.375 0.0 -16.0 0.25 -1 0.75 0 5.0 gain_func_r000_001_006
1 14 12 1063 1 6.125 0.0 -16.0 0.25 -1 0.75 0 5.0 gain_func_r000_001_007
1 16 12 1064 1 5.875 0.0 -16.0 0.25 -1 0.75 0 5.0 gain_func_r000_001_008
1 18 12 1065 1 5.625 0.0 -16.0 0.25 -1 0.75 0 5.0 gain_func_r000_001_009
1 20 12 1066 1 5.375 0.0 -16.0 0.25 -1 0.75 0 5.0 gain_func_r000_001_010
1 22 12 1067 1 5.125 0.0 -16.0 0.25 -1 0.75 0 5.0 gain_func_r000_001_011
1 24 12 1068 1 4.875 0.0 -16.0 0.25 -1 0.75 0 5.0 gain_func_r000_001_012
1 26 12 1069 1 4.625 0.0 -16.0 0.25 -1 0.75 0 5.0 gain_func_r000_001_013
1 28 12 1070 1 4.375 0.0 -16.0 0.25 -1 0.75 0 5.0 gain_func_r000_001_014
1 30 12 1071 1 4.125 0.0 -16.0 0.25 -1 0.75 0 5.0 gain_func_r000_001_015
1 32 12 1072 1 3.875 0.0 -16.0 0.25 -1 0.75 0 5.0 gain_func_r000_001_016
1 34 12 1073 1 3.625 0.0 -16.0 0.25 -1 0.75 0 5.0 gain_func_r000_001_017
1 36 12 1074 1 3.375 0.0 -16.0 0.25 -1 0.75 0 5.0 gain_func_r000_001_018
1 38 12 1075 1 3.125 0.0 -16.0 0.25 -1 0.75 0 5.0 gain_func_r000_001_019
1 40 12 1076 1 2.875 0.0 -16.0 0.25 -1 0.75 0 5.0 gain_func_r000_001_020
1 42 12 1077 1 2.625 0.0 -16.0 0.25 -1 0.75 0 5.0 gain_func_r000_001_021
1 44 12 1078 1 2.375 0.0 -16.0 0.25 -1 0.75 0 5.0 gain_func_r000_001_022
1 46 12 1079 1 2.125 0.0 -16.0 0.25 -1 0.75 0 5.0 gain_func_r000_001_023
1 48 12 1080 1 1.875 0.0 -16.0 0.25 -1 0.75 0 5.0 gain_func_r000_001_024
1 50 12 1081 1 1.625 0.0 -16.0 0.25 -1 0.75 0 5.0 gain_func_r000_001_025
1 52 12 1082 1 1.375 0.0 -16.0 0.25 -1 0.75 0 5.0 gain_func_r000_001_026
1 54 12 1083 1 1.125 0.0 -16.0 0.25 -1 0.75 0 5.0 gain_func_r000_001_027
1 56 12 1084 1 0.875 0.0 -16.0 0.25 -1 0.75 0 5.0 gain_func_r000_001_028
1 58 12 1085 1 0.625 0.0 -16.0 0.25 -1 0.75 0 5.0 gain_func_r000_001_029
1 60 12 1086 1 0.375 0.0 -16.0 0.25 -1 0.75 0 5.0 gain_func_r000_001_030
1 62 12 1087 1 0.125 0.0 -16.0 0.25 -1 0.75 0 5.0 gain_func_r000_001_031
2 0 12 1088 1 -0.125 0.0 -16.0 0.25 -1 0.75 0 5.0 gain_func_r000_002_000
2 2 12 1089 1 -0.375 0.0 -16.0 0.25 -1 0.75 0 5.0 gain_func_r000_002_001
2 4 12 1090 1 -0.625 0.0 -16.0 0.25 -1 0.75 0 5.0 gain_func_r000_002_002
2 6 12 1091 1 -0.875 0.0 -16.0 0.25 -1 0.75 0 5.0 gain_func_r000_002_003
2 8 12 1092 1 -1.125 0.0 -16.0 0.25 -1 0.75 0 5.0 gain_func_r000_002_004
2 10 12 1093 1 -1.375 0.0 -16.0 0.25 -1 0.75 0 5.0 gain_func_r000_002_005
2 12 12 1094 1 -1.625 0.0 -16.0 0.25 -1 0.75 0 5.0 gain_func_r000_002_006
2 14 12 1095 1 -1.875 0.0 -16.0 0.25 -1 0.75 0 5.0 gain_func_r000_002_007
2 16 12 1096 1 -2.125 0.0 -16.0 0.25 -1 0.75 0 5.0 gain_func_r000_002_008
2 18 12 1097 1 -2.375 0.0 -16.0 0.25 -1 0.75 0 5.0 gain_func_r000_002_009
2 20 12 1098 1 -2.625 0.0 -16.0 0.25 -1 0.75 0 5.0 gain_func_r000_002_010
2 22 12 1099 1 -2.875 0.0 -16.0 0.25 -1 0.75 0 5.0 gain_func_r000_002_011
2 24 12 1100 1 -3.125 0.0 -16.0 0.25 -1 0.75 0 5.0 gain_func_r000_002_012
2 26 12 1101 1 -3.375 0.0 -16.0 0.25 -1 0.75 0 5.0 gain_func_r000_002_013
2 28 12 1102 1 -3.625 0.0 -16.0 0.25 -1 0.75 0 5.0 gain_func_r000_002_014
2 30 12 1103 1 -3.875 0.0 -16.0 0.25 -1 0.75 0 5.0 gain_func_r000_002_015
2 32 12 1104 1 -4.125 0.0 -16.0 0.25 -1 0.75 0 5.0 gain_func_r000_002_016
2 34 12 1105 1 -4.375 0.0 -16.0 0.25 -1 0.75 0 5.0 gain_func_r000_002_017
2 36 12 1106 1 -4.625 0.0 -16.0 0.25 -1 0.75 0 5.0 gain_func_r000_002_018
2 38 12 1107 1 -4.875 0.0 -16.0 0.25 -1 0.75 0 5.0 gain_func_r000_002_019
2 40 12 1108 1 -5.125 0.0 -16.0 0.25 -1 0.75 0 5.0 gain_func_r000_002_020
2 42 12 1109 1 -5.375 0.0 -16.0 0.25 -1 0.75 0 5.0 gain_func_r000_002_021
2 44 12 1110 1 -5.625 0.0 -16.0 0.25 -1 0.75 0 5.0 gain_func_r000_002_022
2 46 12 1111 1 -5.875 0.0 -16.0 0.25 -1 0.75 0 5.0 gain_func_r000_002_023
2 48 12 1112 1 -6.125 0.0 -16.0 0.25 -1 0.75 0 5.0 gain_func_r000_002_024
2 50 12 1113 1 -6.375 0.0 -16.0 0.25 -1 0.75 0 5.0 gain_func_r000_002_025
2 52 12 1114 1 -6.625 0.0 -16.0 0.25 -1 0.75 0 5.0 gain_func_r000_002_026
2 54 12 1115 1 -6.875 0.0 -16.0 0.25 -1 0.75 0 5.0 gain_func_r000_002_027
2 56 12 1116 1 -7.125 0.0 -16.0 0.25 -1 0.75 0 5.0 gain_func_r000_002_028
2 58 12 1117 1 -7.375 0.0 -16.0 0.25 -1 0.75 0 5.0 gain_func_r000_002_029
2 60 12 1118 1 -7.625 0.0 -16.0 0.25 -1 0.75 0 5.0 gain_func_r000_002_030
2 62 12 1119 1 -7.875 0.0 -16.0 0.25 -1 0.75 0 5.0 gain_func_r000_002_031
3 0 12 1120 1 -8.125 0.0 -16.0 0.25 -1 0.75 0 5.0 gain_func_r000_003_000
3 2 12 1121 1 -8.375 0.0 -16.0 0.25 -1 0.75 0 5.0 gain_func_r000_003_001
3 4 12 1122 1 -8.625 0.0 -16.0 0.25 -1 0.75 0 5.0 gain_func_r000_003_002
3 6 12 1123 1 -8.875 0.0 -16.0 0.25 -1 0.75 0 5.0 gain_func_r000_003_003
3 8 12 1124 1 -9.125 0.0 -16.0 0.25 -1 0.75 0 5.0 gain_func_r000_003_004
3 10 12 1125 1 -9.375 0.0 -16.0 0.25 -1 0.75 1 5.0 gain_func_r000_003_005
3 12 12 1126 1 -9.625 0.0 -16.0 0.25 -1 0.75 0 5.0 gain_func_r000_003_006
3 14 12 1127 1 -9.875 0.0 -16.0 0.25 -1 0.75 0 5.0 gain_func_r000_003_007
3 16 12 1128 1 -10.125 0.0 -16.0 0.25 -1 0.75 0 5.0 gain_func_r000_003_008
3 18 12 1129 1 -10.375 0.0 -16.0 0.25 -1 0.75 0 5.0 gain_func_r000_003_009
3 20 12 1130 1 -10.625 0.0 -16.0 0.25 -1 0.75 0 5.0 gain_func_r000_003_010
3 22 12 1131 1 -10.875 0.0 -16.0 0.25 -1 0.75 0 5.0 gain_func_r000_003_011
3 24 12 1132 1 -11.125 0.0 -16.0 0.25 -1 0.75 0 5.0 gain_func_r000_003_012
3 26 12 1133 1 -11.375 0.0 -16.0 0.25 -1 0.75 0 5.0 gain_func_r000_003_013
3 28 12 1134 1 -11.625 0.0 -16.0 0.25 -1 0.75 0 5.0 gain_func_r000_003_014
3 30 12 1135 1 -11.875 0.0 -16.0 0.25 -1 0.75 0 5.0 gain_func_r000_003_015
3 32 12 1136 1 -12.125 0.0 -16.0 0.25 -1 0.75 0 5.0 gain_func_r000_003_016
3 34 12 1137 1 -12.375 0.0 -16.0 0.25 -1 0.75 0 5.0 gain_func_r000_003_017
3 36 12 1138 1 -12.625 0.0 -16.0 0.25 -1 0.75 0 5.0 gain_func_r000_003_018
3 38 12 1139 1 -12.875 0.0 -16.0 0.25 -1 0.75 0 5.0 gain_func_r000_003_019
3 40 12 1140 1 -13.125 0.0 -16.0 0.25 -1 0.75 0 5.0 gain_func_r000_003_020
3 42 12 1141 1 -13.375 0.0 -16.0 0.25 -1 0.75 0 5.0 gain_func_r000_003_021
3 44 12 1142 1 -13.625 0.0 -16.0 0.25 -1 0.75 0 5.0 gain_func_r000_003_022
3 46 12 1143 1 -13.875 0.0 -16.0 0.25 -1 0.75 0 5.0 gain_func_r000_003_023
3 48 12 1144 1 -14.125 0.0 -16.0 0.25 -1 0.75 0 5.0 gain_func_r000_003_024
3 50 12 1145 1 -14.375 0.0 -16.0 0.25 -1 0.75 0 5.0 gain_func_r000_003_025
3 52 12 1146 1 -14.625 0.0 -16.0 0.25 -1 0.75 0 5.0 gain_func_r000_003_026
3 54 12 1147 1 -14.875 0.0 -16.0 0.25 -1 0.75 0 5.0 gain_func_r000_003_027
3 56 12 1148 1 -15.125 0.0 -16.0 0.25 -1 0.75 0 5.0 gain_func_r000_003_028
3 58 12 1149 1 -15.375 0.0 -16.0 0.25 -1 0.75 0 5.0 gain_func_r000_003_029
3 60 12 1150 1 -15.625 0.0 -16.0 0.25 -1 0.75 0 5.0 gain_func_r000_003_030
3 62 12 1151 1 -15.875 0.0 -16.0 0.25 -1 0.75 1 5.0 gain_func_r000_003_031
4 0 12 1152 1 0.0 8.125 -16.0 -1 0.25 0.75 0 5.0 gain_func_r000_004_000
4 2 12 1153 1 0.0 8.375 -16.0 -1 0.25 0.75 0 5.0 gain_func_r000_004_001
4 4 12 1154 1 0.0 8.625 -16.0 -1 0.25 0.75 0 5.0 gain_func_r000_004_002
4 6 12 1155 1 0.0 8.875 -16.0 -1 0.25 0.75 0 5.0 gain_func_r000_004_003
4 8 12 1156 1 0.0 9.125 -16.0 -1 0.25 0.75 0 5.0 gain_func_r000_004_004
4 10 12 1157 1 0.0 9.375 -16.0 -1 0.25 0.75 0 5.0 gain_func_r000_004_005
4 12 12 1158 1 0.0 9.625 -16.0 -1 0.25 0.75 0 5.0 gain_func_r000_004_006
4 14 12 1159 1 0.0 9.875 -16.0 -1 0.25 0.75 0 5.0 gain_func_r000_004_007
4 16 12 1160 1 0.0 10.125 -16.0 -1 0.25 0.75 0 5.0 gain_func_r000_004_008
4 18 12 1161 1 0.0 10.375 -16.0 -1 0.25 0.75 0 5.0 gain_func_r000_004_009
4 20 12 1162 1 0.0 10.625 -16.0 -1 0.25 0.75 0 5.0 gain_func_r000_004_010
4 22 12 1163 1 0.0 10.875 -16.0 -1 0.25 0.75 0 5.0 gain_func_r000_004_011
4 24 12 1164 1 0.0 11.125 -16.0 -1 0.25 0.75 0 5.0 gain_func_r000_004_012
4 26 12 1165 1 0.0 11.375 -16.0 -1 0.25 0.75 0 5.0 gain_func_r000_004_013
4 28 12 1166 1 0.0 11.625 -16.0 -1 0.25 0.75 0 5.0 gain_func_r000_004_014
4 30 12 1167 1 0.0 11.875 -16.0 -1 0.25 0.75 0 5.0 gain_func_r000_004_015
4 32 12 1168 1 0.0 12.125 -16.0 -1 0.25 0.75 0 5.0 gain_func_r000_004_016
4 34 12 1169 1 0.0 12.375 -16.0 -1 0.25 0.75 0 5.0 gain_func_r000_004_017
4 36 12 1170 1 0.0 12.625 -16.0 -1 0.25 0.75 0 5.0 gain_func_r000_004_018
4 38 12 1171 1 0.0 12.875 -16.0 -1 0.25 0.75 0 5.0 gain_func_r000_004_019
4 40 12 1172 1 0.0 13.125 -16.0 -1 0.25 0.75 0 5.0 gain_func_r000_004_020
4 42 12 1173 1 0.0 13.375 -16.0 -1 0.25 0.75 0 5.0 gain_func_r000_004_021
4 44 12 1174 1 0.0 13.625 -16.0 -1 0.25 0.75 0 5.0 gain_func_r000_004_022
4 46 12 1175 1 0.0 13.875 -16.0 -1 0.25 0.75 0 5.0 gain_func_r000_004_023
4 48 12 1176 1 0.0 14.125 -16.0 -1 0.25 0.75 0 5.0 gain_func_r000_004_024
4 50 12 1177 1 0.0 14.375 -16.0 -1 0.25 0.75 0 5.0 gain_func_r000_004_025
4 52 12 1178 1 0.0 14.625 -16.0 -1 0.25 0.75 0 5.0 gain_func_r000_004_026
4 54 12 1179 1 0.0 14.875 -16.0 -1 0.25 0.75 0 5.0 gain_func_r000_004_027
4 56 12 1180 1 0.0 15.125 -16.0 -1 0.25 0.75 0 5.0 gain_func_r000_004_028
4 58 12 1181 1 0.0 15.375 -16.0 -1 0.25 0.75 0 5.0 gain_func_r000_004_029
4 60 12 1182 1 0.0 15.625 -16.0 -1 0.25 0.75 0 5.0 gain_func_r000_004_030
4 62 12 1183 1 0.0 15.875 -16.0 -1 0.25 0.75 0 5.0 gain_func_r000_004_031
5 0 12 1184 1 0.0 0.125 -16.0 -1 0.25 0.75 0 5.0 gain_func_r000_005_000
5 2 12 1185 1 0.0 0.375 -16.0 -1 0.25 0.75 0 5.0 gain_func_r000_005_001
5 4 12 1186 1 0.0 0.625 -16.0 -1 0.25 0.75 0 5.0 gain_func_r000_005_002
5 6 12 1187 1 0.0 0.875 -16.0 -1 0.25 0.75 0 5.0 gain_func_r000_005_003
5 8 12 1188 1 0.0 1.125 -16.0 -1 0.25 0.75 0 5.0 gain_func_r000_005_004
5 10 12 1189 1 0.0 1.375 -16.0 -1 0.25 0.75 0 5.0 gain_func_r000_005_005
5 12 12 1190 1 0.0 1.625 -16.0 -1 0.25 0.75 0 5.0 gain_func_r000_005_006
5 14 12 1191 1 0.0 1.875 -16.0 -1 0.25 0.75 0 5.0 gain_func_r000_005_007
5 16 12 1192 1 0.0 2.125 -16.0 -1 0.25 0.75 0 5.0 gain_func_r000_005_008
5 18 12 1193 1 0.0 2.375 -16.0 -1 0.25 0.75 0 5.0 gain_func_r000_005_009
5 20 12 1194 1 0.0 2.625 -16.0 -1 0.25 0.75 0 5.0 gain_func_r000_005_010
5 22 12 1195 1 0.0 2.875 -16.0 -1 0.25 0.75 0 5.0 gain_func_r000_005_011
5 24 12 1196 1 0.0 3.125 -16.0 -1 0.25 0.75 0 5.0 gain_func_r000_005_012
5 26 12 1197 1 0.0 3.375 -16.0 -1 0.25 0.75 0 5.0 gain_func_r000_005_013
5 28 12 1198 1 0.0 3.625 -16.0 -1 0.25 0.75 0 5.0 gain_func_r000_005_014
5 30 12 1199 1 0.0 3.875 -16.0 -1 0.25 0.75 0 5.0 gain_func_r000_005_015
5 32 12 1200 1 0.0 4.125 -16.0 -1 0.25 0.75 0 5.0 gain_func_r000_005_016
5 34 12 1201 1 0.0 4.375 -16.0 -1 0.25 0.75 0 5.0 gain_func_r000_005_017
5 36 12 1202 1 0.0 4.625 -16.0 -1 0.25 0.75 0 5.0 gain_func_r000_005_018
5 38 12 1203 1 0.0 4.875 -16.0 -1 0.25 0.75 0 5.0 gain_func_r000_005_019
5 40 12 1204 1 0.0 5.125 -16.0 -1 0.25 0.75 0 5.0 gain_func_r000_005_020
5 42 12 1205 1 0.0 5.375 -16.0 -1 0.25 0.75 0 5.0 gain_func_r000_005_021
5 44 12 1206 1 0.0 5.625 -16.0 -1 0.25 0.75 0 5.0 gain_func_r000_005_022
5 46 12 1207 1 0.0 5.875 -16.0 -1 0.25 0.75 0 5.0 gain_func_r000_005_023
5 48 12 1208 1 0.0 6.125 -16.0 -1 0.25 0.75 0 5.0 gain_func_r000_005_024
5 50 12 1209 1 0.0 6.375 -16.0 -1 0.25 0.75 0 5.0 gain_func_r000_005_025
5 52 12 1210 1 0.0 6.625 -16.0 -1 0.25 0.75 0 5.0 gain_func_r000_005_026
5 54 12 1211 1 0.0 6.875 -16.0 -1 0.25 0.75 0 5.0 gain_func_r000_005_027
5 56 12 1212 1 0.0 7.125 -16.0 -1 0.25 0.75 0 5.0 gain_func_r000_005_028
5 58 12 1213 1 0.0 7.375 -16.0 -1 0.25 0.75 0 5.0 gain_func_r000_005_029
5 60 12 1214 1 0.0 7.625 -16.0 -1 0.25 0.75 0 5.0 gain_func_r000_005_030
5 62 12 1215 1 0.0 7.875 -16.0 -1 0.25 0.75 0 5.0 gain_func_r000_005_031
6 0 12 1216 1 0.0 -7.875 -16.0 -1 0.25 0.75 0 5.0 gain_func_r000_006_000
6 2 12 1217 1 0.0 -7.625 -16.0 -1 0.25 0.75 0 5.0 gain_func_r000_006_001
6 4 12 1218 1 0.0 -7.375 -16.0 -1 0.25 0.75 0 5.0 gain_func_r000_006_002
6 6 12 1219 1 0.0 -7.125 -16.0 -1 0.25 0.75 0 5.0 gain_func_r000_006_003
6 8 12 1220 1 0.0 -6.875 -16.0 -1 0.25 0.75 0 5.0 gain_func_r000_006_004
6 10 12 1221 1 0.0 -6.625 -16.0 -1 0.25 0.75 1 5.0 gain_func_r000_006_005
6 12 12 1222 1 0.0 -6.375 -16.0 -1 0.25 0.75 0 5.0 gain_func_r000_006_006
6 14 12 1223 1 0.0 -6.125 -16.0 -1 0.25 0.75 0 5.0 gain_func_r000_006_007
6 16 12 1224 1 0.0 -5.875 -16.0 -1 0.25 0.75 0 5.0 gain_func_r000_006_008
6 18 12 1225 1 0.0 -5.625 -16.0 -1 0.25 0.75 0 5.0 gain_func_r000_006_009
6 20 12 1226 1 0.0 -5.375 -16.0 -1 0.25 0.75 0 5.0 gain_func_r000_006_010
6 22 12 1227 1 0.0 -5.125 -16.0 -1 0.25 0.75 0 5.0 gain_func_r000_006_011
6 24 12 1228 1 0.0 -4.875 -16.0 -1 0.25 0.75 0 5.0 gain_func_r000_006_012
6 26 12 1229 1 0.0 -4.625 -16.0 -1 0.25 0.75 0 5.0 gain_func_r000_006_013
6 28 12 1230 1 0.0 -4.375 -16.0 -1 0.25 0.75 0 5.0 gain_func_r000_006_014
6 30 12 1231 1 0.0 -4.125 -16.0 -1 0.25 0.75 0 5.0 gain_func_r000_006_015
6 32 12 1232 1 0.0 -3.875 -16.0 -1 0.25 0.75 0 5.0 gain_func_r000_006_016
6 34 12 1233 1 0.0 -3.625 -16.0 -1 0.25 0.75 0 5.0 gain_func_r000_006_017
6 36 12 1234 1 0.0 -3.375 -16.0 -1 0.25 0.75 0 5.0 gain_func_r000_006_018
6 38 12 1235 1 0.0 -3.125 -16.0 -1 0.25 0.75 0 5.0 gain_func_r000_006_019
6 40 12 1236 1 0.0 -2.875 -16.0 -1 0.25 0.75 0 5.0 gain_func_r000_006_020
6 42 12 1237 1 0.0 -2.625 -16.0 -1 0.25 0.75 0 5.0 gain_func_r000_006_021
6 44 12 1238 1 0.0 -2.375 -16.0 -1 0.25 0.75 0 5.0 gain_func_r000_006_022
6 46 12 1239 1 0.0 -2.125 -16.0 -1 0.25 0.75 0 5.0 gain_func_r000_006_023
6 48 12 1240 1 0.0 -1.875 -16.0 -1 0.25 0.75 0 5.0 gain_func_r000_006_024
6 50 12 1241 1 0.0 -1.625 -16.0 -1 0.25 0.75 0 5.0 gain_func_r000_006_025
6 52 12 1242 1 0.0 -1.375 -16.0 -1 0.25 0.75 0 5.0 gain_func_r000_006_026
6 54 12 1243 1 0.0 -1.125 -16.0 -1 0.25 0.75 0 5.0 gain_func_r000_006_027
6 56 12 1244 1 0.0 -0.875 -16.0 -1 0.25 0.75 0 5.0 gain_func_r000_006_028
6 58 12 1245 1 0.0 -0.625 -16.0 -1 0.25 0.75 0 5.0 gain_func_r000_006_029
6 60 12 1246 1 0.0 -0.375 -16.0 -1 0.25 0.75 0 5.0 gain_func_r000_006_030
6 62 12 1247 1 0.0 -0.125 -16.0 -1 0.25 0.75 0 5.0 gain_func_r000_006_031
7 0 12 1248 1 0.0 -15.875 -16.0 -1 0.25 0.75 0 5.0 gain_func_r000_007_000
7 2 12 1249 1 0.0 -15.625 -16.0 -1 0.25 0.75 0 5.0 gain_func_r000_007_001
7 4 12 1250 1 0.0 -15.375 -16.0 -1 0.25 0.75 0 5.0 gain_func_r000_007_002
7 6 12 1251 1 0.0 -15.125 -16.0 -1 0.25 0.75 0 5.0 gain_func_r000_007_003
7 8 12 1252 1 0.0 -14.875 -16.0 -1 0.25 0.75 0 5.0 gain_func_r000_007_004
7 10 12 1253 1 0.0 -14.625 -16.0 -1 0.25 0.75 0 5.0 gain_func_r000_007_005
7 12 12 1254 1 0.0 -14.375 -16.0 -1 0.25 0.75 0 5.0 gain_func_r000_007_006
7 14 12 1255 1 0.0 -14.125 -16.0 -1 0.25 0.75 0 5.0 gain_func_r000_007_007
7 16 12 1256 1 0.0 -13.875 -16.0 -1 0.25 0.75 0 5.0 gain_func_r000_007_008
7 18 12 1257 1 0.0 -13.625 -16.0 -1 0.25 0.75 0 5.0 gain_func_r000_007_009
7 20 12 1258 1 0.0 -13.375 -16.0 -1 0.25 0.75 0 5.0 gain_func_r000_007_010
7 22 12 1259 1 0.0 -13.125 -16.0 -1 0.25 0.75 0 5.0 gain_func_r000_007_011
7 24 12 1260 1 0.0 -12.875 -16.0 -1 0.25 0.75 0 5.0 gain_func_r000_007_012
7 26 12 1261 1 0.0 -12.625 -16.0 -1 0.25 0.75 0 5.0 gain_func_r000_007_013
7 28 12 1262 1 0.0 -12.375 -16.0 -1 0.25 0.75 0 5.0 gain_func_r000_007_014
7 30 12 1263 1 0.0 -12.125 -16.0 -1 0.25 0.75 0 5.0 gain_func_r000_007_015
7 32 12 1264 1 0.0 -11.875 -16.0 -1 0.25 0.75 0 5.0 gain_func_r000_007_016
7 34 12 1265 1 0.0 -11.625 -16.0 -1 0.25 0.75 0 5.0 gain_func_r000_007_017
7 36 12 1266 1 0.0 -11.375 -16.0 -1 0.25 0.75 0 5.0 gain_func_r000_007_018
7 38 12 1267 1 0.0 -11.125 -16.0 -1 0.25 0.75 0 5.0 gain_func_r000_007_019
7 40 12 1268 1 0.0 -10.875 -16.0 -1 0.25 0.75 0 5.0 gain_func_r000_007_020
7 42 12 1269 1 0.0 -10.625 -16.0 -1 0.25 0.75 0 5.0 gain_func_r000_007_021
7 44 12 1270 1 0.0 -10.375 -16.0 -1 0.25 0.75 0 5.0 gain_func_r000_007_022
7 46 12 1271 1 0.0 -10.125 -16.0 -1 0.25 0.75 0 5.0 gain_func_r000_007_023
7 48 12 1272 1 0.0 -9.875 -16.0 -1 0.25 0.75 0 5.0 gain_func_r000_007_024
7 50 12 1273 1 0.0 -9.625 -16.0 -1 0.25 0.75 0 5.0 gain_func_r000_007_025
7 52 12 1274 1 0.0 -9.375 -16.0 -1 0.25 0.75 0 5.0 gain_func_r000_007_026
7 54 12 1275 1 0.0 -9.125 -16.0 -1 0.25 0.75 0 5.0 gain_func_r000_007_027
7 56 12 1276 1 0.0 -8.875 -16.0 -1 0.25 0.75 0 5.0 gain_func_r000_007_028
7 58 12 1277 1 0.0 -8.625 -16.0 -1 0.25 0.75 0 5.0 gain_func_r000_007_029
7 60 12 1278 1 0.0 -8.375 -16.0 -1 0.25 0.75 0 5.0 gain_func_r000_007_030
7 62 12 1279 1 0.0 -8.125 -16.0 -1 0.25 0.75 0 5.0 gain_func_r000_007_031
8 0 11 768 1 15.875 0.0 -12.0 0.25 -1 0.75 1 5.0 gain_func_r000_008_000
8 2 11 769 1 15.625 0.0 -12.0 0.25 -1 0.75 0 5.0 gain_func_r000_008_001
8 4 11 770 1 15.375 0.0 -12.0 0.25 -1 0.75 0 5.0 gain_func_r000_008_002
8 6 11 771 1 15.125 0.0 -12.0 0.25 -1 0.75 0 5.0 gain_func_r000_008_003
8 8 11 772 1 14.875 0.0 -12.0 0.25 -1 0.75 0 5.0 gain_func_r000_008_004
8 10 11 773 1 14.625 0.0 -12.0 0.25 -1 0.75 0 5.0 gain_func_r000_008_005
8 12 11 774 1 14.375 0.0 -12.0 0.25 -1 0.75 0 5.0 gain_func_r000_008_006
8 14 11 775 1 14.125 0.0 -12.0 0.25 -1 0.75 0 5.0 gain_func_r000_008_007
8 16 11 776 1 13.875 0.0 -12.0 0.25 -1 0.75 0 5.0 gain_func_r000_008_008
8 18 11 777 1 13.625 0.0 -12.0 0.25 -1 0.75 0 5.0 gain_func_r000_008_009
8 20 11 778 1 13.375 0.0 -12.0 0.25 -1 0.75 0 5.0 gain_func_r000_008_010
8 22 11 779 1 13.125 0.0 -12.0 0.25 -1 0.75 0 5.0 gain_func_r000_008_011
8 24 11 780 1 12.875 0.0 -12.0 0.25 -1 0.75 0 5.0 gain_func_r000_008_012
8 26 11 781 1 12.625 0.0 -12.0 0.25 -1 0.75 0 5.0 gain_func_r000_008_013
8 28 11 782 1 12.375 0.0 -12.0 0.25 -1 0.75 0 5.0 gain_func_r000_008_014
8 30 11 783 1 12.125 0.0 -12.0 0.25 -1 0.75 0 5.0 gain_func_r000_008_015
8 32 11 784 1 11.875 0.0 -12.0 0.25 -1 0.75 0 5.0 gain_func_r000_008_016
8 34 11 785 1 11.625 0.0 -12.0 0.25 -1 0.75 0 5.0 gain_func_r000_008_017
8 36 11 786 1 11.375 0.0 -12.0 0.25 -1 0.75 0 5.0 gain_func_r000_008_018
8 38 11 787 1 11.125 0.0 -12.0 0.25 -1 0.75 0 5.0 gain_func_r000_008_019
8 40 11 788 1 10.875 0.0 -12.0 0.25 -1 0.75 0 5.0 gain_func_r000_008_020
8 42 11 789 1 10.625 0.0 -12.0 0.25 -1 0.75 0 5.0 gain_func_r000_008_021
8 44 11 790 1 10.375 0.0 -12.0 0.25 -1 0.75 0 5.0 gain_func_r000_008_022
8 46 11 791 1 10.125 0.0 -12.0 0.25 -1 0.75 0 5.0 gain_func_r000_008_023
8 48 11 792 1 9.875 0.0 -12.0 0.25 -1 0.75 0 5.0 gain_func_r000_008_024
8 50 11 793 1 9.625 0.0 -12.0 0.25 -1 0.75 0 5.0 gain_func_r000_008_025
8 52 11 794 1 9.375 0.0 -12.0 0.25 -1 0.75 0 5.0 gain_func_r000_008_026
8 54 11 795 1 9.125 0.0 -12.0 0.25 -1 0.75 0 5.0 gain_func_r000_008_027
8 56 11 796 1 8.875 0.0 -12.0 0.25 -1 0.75 0 5.0 gain_func_r000_008_028
8 58 11 797 1 8.625 0.0 -12.0 0.25 -1 0.75 0 5.0 gain_func_r000_008_029
8 60 11 798 1 8.375 0.0 -12.0 0.25 -1 0.75 0 5.0 gain_func_r000_008_030
8 62 11 799 1 8.125 0.0 -12.0 0.25 -1 0.75 0 5.0 gain_func_r000_008_031
9 0 11 800 1 7.875 0.0 -12.0 0.25 -1 0.75 0 5.0 gain_func_r000_009_000
9 2 11 801 1 7.625 0.0 -12.0 0.25 -1 0.75 0 5.0 gain_func_r000_009_001
9 4 11 802 1 7.375 0.0 -12.0 0.25 -1 0.75 0 5.0 gain_func_r000_009_002
9 6 11 803 1 7.125 0.0 -12.0 0.25 -1 0.75 0 5.0 gain_func_r000_009_003
9 8 11 804 1 6.875 0.0 -12.0 0.25 -1 0.75 0 5.0 gain_func_r000_009_004
9 10 11 805 1 6.625 0.0 -12.0 0.25 -1 0.75 0 5.0 gain_func_r000_009_005
9 12 11 806 1 6.375 0.0 -12.0 0.25 -1 0.75 0 5.0 gain_func_r000_009_006
9 14 11 807 1 6.125 0.0 -12.0 0.25 -1 0.75 0 5.0 gain_func_r000_009_007
9 16 11 808 1 5.875 0.0 -12.0 0.25 -1 0.75 0 5.0 gain_func_r000_009_008
9 18 11 809 1 5.625 0.0 -12.0 0.25 -1 0.75 0 5.0 gain_func_r000_009_009
9 20 11 810 1 5.375 0.0 -12.0 0.25 -1 0.75 0 5.0 gain_func_r000_009_010
9 22 11 811 1 5.125 0.0 -12.0 0.25 -1 0.75 0 5.0 gain_func_r000_009_011
9 24 11 812 1 4.875 0.0 -12.0 0.25 -1 0.75 0 5.0 gain_func_r000_009_012
9 26 11 813 1 4.625 0.0 -12.0 0.25 -1 0.75 0 5.0 gain_func_r000_009_013
9 28 11 814 1 4.375 0.0 -12.0 0.25 -1 0.75 0 5.0 gain_func_r000_009_014
9 30 11 815 1 4.125 0.0 -12.0 0.25 -1 0.75 0 5.0 gain_func_r000_009_015
9 32 11 816 1 3.875 0.0 -12.0 0.25 -1 0.75 0 5.0 gain_func_r000_009_016
9 34 11 817 1 3.625 0.0 -12.0 0.25 -1 0.75 0 5.0 gain_func_r000_009_017
9 36 11 818 1 3.375 0.0 -12.0 0.25 -1 0.75 0 5.0 gain_func_r000_009_018
9 38 11 819 1 3.125 0.0 -12.0 0.25 -1 0.75 0 5.0 gain_func_r000_009_019
9 40 11 820 1 2.875 0.0 -12.0 0.25 -1 0.75 0 5.0 gain_func_r000_009_020
9 42 11 821 1 2.625 0.0 -12.0 0.25 -1 0.75 0 5.0 gain_func_r000_009_021
9 44 11 822 1 2.375 0.0 -12.0 0.25 -1 0.75 0 5.0 gain_func_r000_009_022
9 46 11 823 1 2.125 0.0 -12.0 0.25 -1 0.75 0 5.0 gain_func_r000_009_023
9 48 11 824 1 1.875 0.0 -12.0 0.25 -1 0.75 0 5.0 gain_func_r000_009_024
9 50 11 825 1 1.625 0.0 -12.0 0.25 -1 0.75 0 5.0 gain_func_r000_009_025
9 52 11 826 1 1.375 0.0 -12.0 0.25 -1 0.75 0 5.0 gain_func_r000_009_026
9 54 11 827 1 1.125 0.0 -12.0 0.25 -1 0.75 0 5.0 gain_func_r000_009_027
9 56 11 828 1 0.875 0.0 -12.0 0.25 -1 0.75 0 5.0 gain_func_r000_009_028
9 58 11 829 1 0.625 0.0 -12.0 0.25 -1 0.75 0 5.0 gain_func_r000_009_029
9 60 11 830 1 0.375 0.0 -12.0 0.25 -1 0.75 0 5.0 gain_func_r000_009_030
9 62 11 831 1 0.125 0.0 -12.0 0.25 -1 0.75 0 5.0 gain_func_r000_009_031
10 0 11 832 1 -0.125 0.0 -12.0 0.25 -1 0.75 0 5.0 gain_func_r000_010_000
10 2 11 833 1 -0.375 0.0 -12.0 0.25 -1 0.75 0 5.0 gain_func_r000_010_001
10 4 11 834 1 -0.625 0.0 -12.0 0.25 -1 0.75 0 5.0 gain_func_r000_010_002
10 6 11 835 1 -0.875 0.0 -12.0 0.25 -1 0.75 0 5.0 gain_func_r000_010_003
10 8 11 836 1 -1.125 0.0 -12.0 0.25 -1 0.75 0 5.0 gain_func_r000_010_004
10 10 11 837 1 -1.375 0.0 -12.0 0.25 -1 0.75 0 5.0 gain_func_r000_010_005
10 12 11 838 1 -1.625 0.0 -12.0 0.25 -1 0.75 0 5.0 gain_func_r000_010_006
10 14 11 839 1 -1.875 0.0 -12.0 0.25 -1 0.75 0 5.0 gain_func_r000_010_007
10 16 11 840 1 -2.125 0.0 -12.0 0.25 -1 0.75 0 5.0 gain_func_r000_010_008
10 18 11 841 1 -2.375 0.0 -12.0 0.25 -1 0.75 0 5.0 gain_func_r000_010_009
10 20 11 842 1 -2.625 0.0 -12.0 0.25 -1 0.75 0 5.0 gain_func_r000_010_010
10 22 11 843 1 -2.875 0.0 -12.0 0.25 -1 0.75 0 5.0 gain_func_r000_010_011
10 24 11 844 1 -3.125 0.0 -12.0 0.25 -1 0.75 0 5.0 gain_func_r000_010_012
10 26 11 845 1 -3.375 0.0 -12.0 0.25 -1 0.75 0 5.0 gain_func_r000_010_013
10 28 11 846 1 -3.625 0.0 -12.0 0.25 -1 0.75 0 5.0 gain_func_r000_010_014
10 30 11 847 1 -3.875 0.0 -12.0 0.25 -1 0.75 0 5.0 gain_func_r000_010_015
10 32 11 848 1 -4.125 0.0 -12.0 0.25 -1 0.75 0 5.0 gain_func_r000_010_016
10 34 11 849 1 -4.375 0.0 -12.0 0.25 -1 0.75 0 5.0 gain_func_r000_010_017
10 36 11 850 1 -4.625 0.0 -12.0 0.25 -1 0.75 0 5.0 gain_func_r000_010_018
10 38 11 851 1 -4.875 0.0 -12.0 0.25 -1 0.75 0 5.0 gain_func_r000_010_019
10 40 11 852 1 -5.125 0.0 -12.0 0.25 -1 0.75 0 5.0 gain_func_r000_010_020
10 42 11 853 1 -5.375 0.0 -12.0 0.25 -1 0.75 0 5.0 gain_func_r000_010_021
10 44 11 854 1 -5.625 0.0 -12.0 0.25 -1 0.75 0 5.0 gain_func_r000_010_022
10 46 11 855 1 -5.875 0.0 -12.0 0.25 -1 0.75 0 5.0 gain_func_r000_010_023
10 48 11 856 1 -6.125 0.0 -12.0 0.25 -1 0.75 0 5.0 gain_func_r000_010_024
10 50 11 857 1 -6.375 0.0 -12.0 0.25 -1 0.75 0 5.0 gain_func_r000_010_025
10 52 11 858 1 -6.625 0.0 -12.0 0.25 -1 0.75 0 5.0 gain_func_r000_010_026
10 54 11 859 1 -6.875 0.0 -12.0 0.25 -1 0.75 0 5.0 gain_func_r000_010_027
10 56 11 860 1 -7.125 0.0 -12.0 0.25 -1 0.75 0 5.0 gain_func_r000_010_028
10 58 11 861 1 -7.375 0.0 -12.0 0.25 -1 0.75 0 5.0 gain_func_r000_010_029
10 60 11 862 1 -7.625 0.0 -12.0 0.25 -1 0.75 0 5.0 gain_func_r000_010_030
10 62 11 863 1 -7.875 0.0 -12.0 0.25 -1 0.75 0 5.0 gain_func_r000_010_031
11 0 11 864 1 -8.125 0.0 -12.0 0.25 -1 0.75 0 5.0 gain_func_r000_011_000
11 2 11 865 1 -8.375 0.0 -12.0 0.25 -1 0.75 0 5.0 gain_func_r000_011_001
11 4 11 866 1 -8.625 0.0 -12.0 0.25 -1 0.75 0 5.0 gain_func_r000_011_002
11 6 11 867 1 -8.875 0.0 -12.0 0.25 -1 0.75 0 5.0 gain_func_r000_011_003
11 8 11 868 1 -9.125 0.0 -12.0 0.25 -1 0.75 0 5.0 gain_func_r000_011_004
11 10 11 869 1 -9.375 0.0 -12.0 0.25 -1 0.75 0 5.0 gain_func_r000_011_005
11 12 11 870 1 -9.625 0.0 -12.0 0.25 -1 0.75 0 5.0 gain_func_r000_011_006
11 14 11 871 1 -9.875 0.0 -12.0 0.25 -1 0.75 0 5.0 gain_func_r000_011_007
11 16 11 872 1 -10.125 0.0 -12.0 0.25 -1 0.75 0 5.0 gain_func_r000_011_008
11 18 11 873 1 -10.375 0.0 -12.0 0.25 -1 0.75 0 5.0 gain_func_r000_011_009
11 20 11 874 1 -10.625 0.0 -12.0 0.25 -1 0.75 0 5.0 gain_func_r000_011_010
11 22 11 875 1 -10.875 0.0 -12.0 0.25 -1 0.75 0 5.0 gain_func_r000_011_011
11 24 11 876 1 -11.125 0.0 -12.0 0.25 -1 0.75 0 5.0 gain_func_r000_011_012
11 26 11 877 1 -11.375 0.0 -12.0 0.25 -1 0.75 0 5.0 gain_func_r000_011_013
11 28 11 878 1 -11.625 0.0 -12.0 0.25 -1 0.75 0 5.0 gain_func_r000_011_014
11 30 11 879 1 -11.875 0.0 -12.0 0.25 -1 0.75 0 5.0 gain_func_r000_011_015
11 32 11 880 1 -12.125 0.0 -12.0 0.25 -1 0.75 0 5.0 gain_func_r000_011_016
11 34 11 881 1 -12.375 0.0 -12.0 0.25 -1 0.75 0 5.0 gain_func_r000_011_017
11 36 11 882 1 -12.625 0.0 -12.0 0.25 -1 0.75 0 5.0 gain_func_r000_011_018
11 38 11 883 1 -12.875 0.0 -12.0 0.25 -1 0.75 0 5.0 gain_func_r000_011_019
11 40 11 884 1 -13.125 0.0 -12.0 0.25 -1 0.75 0 5.0 gain_func_r000_011_020
11 42 11 885 1 -13.375 0.0 -12.0 0.25 -1 0.75 0 5.0 gain_func_r000_011_021
11 44 11 886 1 -13.625 0.0 -12.0 0.25 -1 0.75 0 5.0 gain_func_r000_011_022
11 46 11 887 1 -13.875 0.0 -12.0 0.25 -1 0.75 0 5.0 gain_func_r000_011_023
11 48 11 888 1 -14.125 0.0 -12.0 0.25 -1 0.75 0 5.0 gain_func_r000_011_024
11 50 11 889 1 -14.375 0.0 -12.0 0.25 -1 0.75 0 5.0 gain_func_r000_011_025
11 52 11 890 1 -14.625 0.0 -12.0 0.25 -1 0.75 0 5.0 gain_func_r000_011_026
11 54 11 891 1 -14.875 0.0 -12.0 0.25 -1 0.75 0 5.0 gain_func_r000_011_027
11 56 11 892 1 -15.125 0.0 -12.0 0.25 -1 0.75 0 5.0 gain_func_r000_011_028
11 58 11 893 1 -15.375 0.0 -12.0 0.25 -1 0.75 0 5.0 gain_func_r000_011_029
11 60 11 894 1 -15.625 0.0 -12.0 0.25 -1 0.75 0 5.0 gain_func_r000_011_030
11 62 11 895 1 -15.875 0.0 -12.0 0.25 -1 0.75 1 5.0 gain_func_r000_011_031
12 0 11 896 1 0.0 8.125 -12.0 -1 0.25 0.75 0 5.0 gain_func_r000_012_000
12 2 11 897 1 0.0 8.375 -12.0 -1 0.25 0.75 0 5.0 gain_func_r000_012_001
12 4 11 898 1 0.0 8.625 -12.0 -1 0.25 0.75 0 5.0 gain_func_r000_012_002
12 6 11 899 1 0.0 8.875 -12.0 -1 0.25 0.75 0 5.0 gain_func_r000_012_003
12 8 11 900 1 0.0 9.125 -12.0 -1 0.25 0.75 0 5.0 gain_func_r000_012_004
12 10 11 901 1 0.0 9.375 -12.0 -1 0.25 0.75 0 5.0 gain_func_r000_012_005
12 12 11 902 1 0.0 9.625 -12.0 -1 0.25 0.75 0 5.0 gain_func_r000_012_006
12 14 11 903 1 0.0 9.875 -12.0 -1 0.25 0.75 0 5.0 gain_func_r000_012_007
12 16 11 904 1 0.0 10.125 -12.0 -1 0.25 0.75 0 5.0 gain_func_r000_012_008
12 18 11 905 1 0.0 10.375 -12.0 -1 0.25 0.75 0 5.0 gain_func_r000_012_009
12 20 11 906 1 0.0 10.625 -12.0 -1 0.25 0.75 0 5.0 gain_func_r000_012_010
12 22 11 907 1 0.0 10.875 -12.0 -1 0.25 0.75 0 5.0 gain_func_r000_012_011
12 24 11 908 1 0.0 11.125 -12.0 -1 0.25 0.75 0 5.0 gain_func_r000_012_012
12 26 11 909 1 0.0 11.375 -12.0 -1 0.25 0.75 0 5.0 gain_func_r000_012_013
12 28 11 910 1 0.0 11.625 -12.0 -1 0.25 0.75 0 5.0 gain_func_r000_012_014
12 30 11 911 1 0.0 11.875 -12.0 -1 0.25 0.75 0 5.0 gain_func_r000_012_015
12 32 11 912 1 0.0 12.125 -12.0 -1 0.25 0.75 0 5.0 gain_func_r000_012_016
12 34 11 913 1 0.0 12.375 -12.0 -1 0.25 0.75 0 5.0 gain_func_r000_012_017
12 36 11 914 1 0.0 12.625 -12.0 -1 0.25 0.75 0 5.0 gain_func_r000_012_018
12 38 11 915 1 0.0 12.875 -12.0 -1 0.25 0.75 0 5.0 gain_func_r000_012_019
12 40 11 916 1 0.0 13.125 -12.0 -1 0.25 0.75 0 5.0 gain_func_r000_012_020
12 42 11 917 1 0.0 13.375 -12.0 -1 0.25 0.75 0 5.0 gain_func_r000_012_021
12 44 11 918 1 0.0 13.625 -12.0 -1 0.25 0.75 0 5.0 gain_func_r000_012_022
12 46 11 919 1 0.0 13.875 -12.0 -1 0.25 0.75 0 5.0 gain_func_r000_012_023
12 48 11 920 1 0.0 14.125 -12.0 -1 0.25 0.75 0 5.0 gain_func_r000_012_024
12 50 11 921 1 0.0 14.375 -12.0 -1 0.25 0.75 0 5.0 gain_func_r000_012_025
12 52 11 922 1 0.0 14.625 -12.0 -1 0.25 0.75 0 5.0 gain_func_r000_012_026
12 54 11 923 1 0.0 14.875 -12.0 -1 0.25 0.75 0 5.0 gain_func_r000_012_027
12 56 11 924 1 0.0 15.125 -12.0 -1 0.25 0.75 0 5.0 gain_func_r000_012_028
12 58 11 925 1 0.0 15.375 -12.0 -1 0.25 0.75 0 5.0 gain_func_r000_012_029
12 60 11 926 1 0.0 15.625 -12.0 -1 0.25 0.75 0 5.0 gain_func_r000_012_030
12 62 11 927 1 0.0 15.875 -12.0 -1 0.25 0.75 0 5.0 gain_func_r000_012_031
13 0 11 928 1 0.0 0.125 -12.0 -1 0.25 0.75 0 5.0 gain_func_r000_013_000
13 2 11 929 1 0.0 0.375 -12.0 -1 0.25 0.75 0 5.0 gain_func_r000_013_001
13 4 11 930 1 0.0 0.625 -12.0 -1 0.25 0.75 0 5.0 gain_func_r000_013_002
13 6 11 931 1 0.0 0.875 -12.0 -1 0.25 0.75 0 5.0 gain_func_r000_013_003
13 8 11 932 1 0.0 1.125 -12.0 -1 0.25 0.75 0 5.0 gain_func_r000_013_004
13 10 11 933 1 0.0 1.375 -12.0 -1 0.25 0.75 0 5.0 gain_func_r000_013_005
13 12 11 934 1 0.0 1.625 -12.0 -1 0.25 0.75 0 5.0 gain_func_r000_013_006
13 14 11 935 1 0.0 1.875 -12.0 -1 0.25 0.75 0 5.0 gain_func_r000_013_007
13 16 11 936 1 0.0 2.125 -12.0 -1 0.25 0.75 0 5.0 gain_func_r000_013_008
13 18 11 937 1 0.0 2.375 -12.0 -1 0.25 0.75 0 5.0 gain_func_r000_013_009
13 20 11 938 1 0.0 2.625 -12.0 -1 0.25 0.75 0 5.0 gain_func_r000_013_010
13 22 11 939 1 0.0 2.875 -12.0 -1 0.25 0.75 0 5.0 gain_func_r000_013_011
13 24 11 940 1 0.0 3.125 -12.0 -1 0.25 0.75 0 5.0 gain_func_r000_013_012
13 26 11 941 1 0.0 3.375 -12.0 -1 0.25 0.75 0 5.0 gain_func_r000_013_013
13 28 11 942 1 0.0 3.625 -12.0 -1 0.25 0.75 0 5.0 gain_func_r000_013_014
13 30 11 943 1 0.0 3.875 -12.0 -1 0.25 0.75 0 5.0 gain_func_r000_013_015
13 32 11 944 1 0.0 4.125 -12.0 -1 0.25 0.75 0 5.0 gain_func_r000_013_016
13 34 11 945 1 0.0 4.375 -12.0 -1 0.25 0.75 0 5.0 gain_func_r000_013_017
13 36 11 946 1 0.0 4.625 -12.0 -1 0.25 0.75 0 5.0 gain_func_r000_013_018
13 38 11 947 1 0.0 4.875 -12.0 -1 0.25 0.75 0 5.0 gain_func_r000_013_019
13 40 11 948 1 0.0 5.125 -12.0 -1 0.25 0.75 0 5.0 gain_func_r000_013_020
13 42 11 949 1 0.0 5.375 -12.0 -1 0.25 0.75 0 5.0 gain_func_r000_013_021
13 44 11 950 1 0.0 5.625 -12.0 -1 0.25 0.75 0 5.0 gain_func_r000_013_022
13 46 11 951 1 0.0 5.875 -12.0 -1 0.25 0.75 0 5.0 gain_func_r000_013_023
13 48 11 952 1 0.0 6.125 -12.0 -1 0.25 0.75 0 5.0 gain_func_r000_013_024
13 50 11 953 1 0.0 6.375 -12.0 -1 0.25 0.75 0 5.0 gain_func_r000_013_025
13 52 11 954 1 0.0 6.625 -12.0 -1 0.25 0.75 0 5.0 gain_func_r000_013_026
13 54 11 955 1 0.0 6.875 -12.0 -1 0.25 0.75 0 5.0 gain_func_r000_013_027
13 56 11 956 1 0.0 7.125 -12.0 -1 0.25 0.75 0 5.0 gain_func_r000_013_028
13 58 11 957 1 0.0 7.375 -12.0 -1 0.25 0.75 0 5.0 gain_func_r000_013_029
13 60 11 958 1 0.0 7.625 -12.0 -1 0.25 0.75 0 5.0 gain_func_r000_013_030
13 62 11 959 1 0.0 7.875 -12.0 -1 0.25 0.75 0 5.0 gain_func_r000_013_031
14 0 11 960 1 0.0 -7.875 -12.0 -1 0.25 0.75 0 5.0 gain_func_r000_014_000
14 2 11 961 1 0.0 -7.625 -12.0 -1 0.25 0.75 0 5.0 gain_func_r000_014_001
14 4 11 962 1 0.0 -7.375 -12.0 -1 0.25 0.75 0 5.0 gain_func_r000_014_002
14 6 11 963 1 0.0 -7.125 -12.0 -1 0.25 0.75 0 5.0 gain_func_r000_014_003
14 8 11 964 1 0.0 -6.875 -12.0 -1 0.25 0.75 0 5.0 gain_func_r000_014_004
14 10 11 965 1 0.0 -6.625 -12.0 -1 0.25 0.75 0 5.0 gain_func_r000_014_005
14 12 11 966 1 0.0 -6.375 -12.0 -1 0.25 0.75 0 5.0 gain_func_r000_014_006
14 14 11 967 1 0.0 -6.125 -12.0 -1 0.25 0.75 0 5.0 gain_func_r000_014_007
14 16 11 968 1 0.0 -5.875 -12.0 -1 0.25 0.75 0 5.0 gain_func_r000_014_008
14 18 11 969 1 0.0 -5.625 -12.0 -1 0.25 0.75 0 5.0 gain_func_r000_014_009
14 20 11 970 1 0.0 -5.375 -12.0 -1 0.25 0.75 0 5.0 gain_func_r000_014_010
14 22 11 971 1 0.0 -5.125 -12.0 -1 0.25 0.75 0 5.0 gain_func_r000_014_011
14 24 11 972 1 0.0 -4.875 -12.0 -1 0.25 0.75 0 5.0 gain_func_r000_014_012
14 26 11 973 1 0.0 -4.625 -12.0 -1 0.25 0.75 0 5.0 gain_func_r000_014_013
14 28 11 974 1 0.0 -4.375 -12.0 -1 0.25 0.75 0 5.0 gain_func_r000_014_014
14 30 11 975 1 0.0 -4.125 -12.0 -1 0.25 0.75 0 5.0 gain_func_r000_014_015
14 32 11 976 1 0.0 -3.875 -12.0 -1 0.25 0.75 0 5.0 gain_func_r000_014_016
14 34 11 977 1 0.0 -3.625 -12.0 -1 0.25 0.75 0 5.0 gain_func_r000_014_017
14 36 11 978 1 0.0 -3.375 -12.0 -1 0.25 0.75 0 5.0 gain_func_r000_014_018
14 38 11 979 1 0.0 -3.125 -12.0 -1 0.25 0.75 0 5.0 gain_func_r000_014_019
14 40 11 980 1 0.0 -2.875 -12.0 -1 0.25 0.75 0 5.0 gain_func_r000_014_020
14 42 11 981 1 0.0 -2.625 -12.0 -1 0.25 0.75 0 5.0 gain_func_r000_014_021
14 44 11 982 1 0.0 -2.375 -12.0 -1 0.25 0.75 0 5.0 gain_func_r000_014_022
14 46 11 983 1 0.0 -2.125 -12.0 -1 0.25 0.75 0 5.0 gain_func_r000_014_023
14 48 11 984 1 0.0 -1.875 -12.0 -1 0.25 0.75 0 5.0 gain_func_r000_014_024
14 50 11 985 1 0.0 -1.625 -12.0 -1 0.25 0.75 0 5.0 gain_func_r000_014_025
14 52 11 986 1 0.0 -1.375 -12.0 -1 0.25 0.75 0 5.0 gain_func_r000_014_026
14 54 11 987 1 0.0 -1.125 -12.0 -1 0.25 0.75 0 5.0 gain_func_r000_014_027
14 56 11 988 1 0.0 -0.875 -12.0 -1 0.25 0.75 0 5.0 gain_func_r000_014_028
14 58 11 989 1 0.0 -0.625 -12.0 -1 0.25 0.75 0 5.0 gain_func_r000_014_029
14 60 11 990 1 0.0 -0.375 -12.0 -1 0.25 0.75 0 5.0 gain_func_r000_014_030
14 62 11 991 1 0.0 -0.125 -12.0 -1 0.25 0.75 0 5.0 gain_func_r000_014_031
15 0 11 992 1 0.0 -15.875 -12.0 -1 0.25 0.75 0 5.0 gain_func_r000_015_000
15 2 11 993 1 0.0 -15.625 -12.0 -1 0.25 0.75 0 5.0 gain_func_r000_015_001
15 4 11 994 1 0.0 -15.375 -12.0 -1 0.25 0.75 0 5.0 gain_func_r000_015_002
15 6 11 995 1 0.0 -15.125 -12.0 -1 0.25 0.75 0 5.0 gain_func_r000_015_003
15 8 11 996 1 0.0 -14.875 -12.0 -1 0.25 0.75 0 5.0 gain_func_r000_015_004
15 10 11 997 1 0.0 -14.625 -12.0 -1 0.25 0.75 0 5.0 gain_func_r000_015_005
15 12 11 998 1 0.0 -14.375 -12.0 -1 0.25 0.75 0 5.0 gain_func_r000_015_006
15 14 11 999 1 0.0 -14.125 -12.0 -1 0.25 0.75 0 5.0 gain_func_r000_015_007
15 16 11 1000 1 0.0 -13.875 -12.0 -1 0.25 0.75 0 5.0 gain_func_r000_015_008
15 18 11 1001 1 0.0 -13.625 -12.0 -1 0.25 0.75 0 5.0 gain_func_r000_015_009
15 20 11 1002 1 0.0 -13.375 -12.0 -1 0.25 0.75 0 5.0 gain_func_r000_015_010
15 22 11 1003 1 0.0 -13.125 -12.0 -1 0.25 0.75 0 5.0 gain_func_r000_015_011
15 24 11 1004 1 0.0 -12.875 -12.0 -1 0.25 0.75 0 5.0 gain_func_r000_015_012
15 26 11 1005 1 0.0 -12.625 -12.0 -1 0.25 0.75 0 5.0 gain_func_r000_015_013
15 28 11 1006 1 0.0 -12.375 -12.0 -1 0.25 0.75 0 5.0 gain_func_r000_015_014
15 30 11 1007 1 0.0 -12.125 -12.0 -1 0.25 0.75 0 5.0 gain_func_r000_015_015
15 32 11 1008 1 0.0 -11.875 -12.0 -1 0.25 0.75 0 5.0 gain_func_r000_015_016
15 34 11 1009 1 0.0 -11.625 -12.0 -1 0.25 0.75 0 5.0 gain_func_r000_015_017
15 36 11 1010 1 0.0 -11.375 -12.0 -1 0.25 0.75 0 5.0 gain_func_r000_015_018
15 38 11 1011 1 0.0 -11.125 -12.0 -1 0.25 0.75 0 5.0 gain_func_r000_015_019
15 40 11 1012 1 0.0 -10.875 -12.0 -1 0.25 0.75 0 5.0 gain_func_r000_015_020
15 42 11 1013 1 0.0 -10.625 -12.0 -1 0.25 0.75 0 5.0 gain_func_r000_015_021
15 44 11 1014 1 0.0 -10.375 -12.0 -1 0.25 0.75 0 5.0 gain_func_r000_015_022
15 46 11 1015 1 0.0 -10.125 -12.0 -1 0.25 0.75 0 5.0 gain_func_r000_015_023
15 48 11 1016 1 0.0 -9.875 -12.0 -1 0.25 0.75 0 5.0 gain_func_r000_015_024
15 50 11 1017 1 0.0 -9.625 -12.0 -1 0.25 0.75 0 5.0 gain_func_r000_015_025
15 52 11 1018 1 0.0 -9.375 -12.0 -1 0.25 0.75 0 5.0 gain_func_r000_015_026
15 54 11 1019 1 0.0 -9.125 -12.0 -1 0.25 0.75 0 5.0 gain_func_r000_015_027
15 56 11 1020 1 0.0 -8.875 -12.0 -1 0.25 0.75 0 5.0 gain_func_r000_015_028
15 58 11 1021 1 0.0 -8.625 -12.0 -1 0.25 0.75 0 5.0 gain_func_r000_015_029
15 60 11 1022 1 0.0 -8.375 -12.0 -1 0.25 0.75 0 5.0 gain_func_r000_015_030
15 62 11 1023 1 0.0 -8.125 -12.0 -1 0.25 0.75 0 5.0 gain_func_r000_015_031
16 0 10 512 1 15.875 0.0 -8.0 0.25 -1 0.75 1 5.0 gain_func_r000_016_000
16 2 10 513 1 15.625 0.0 -8.0 0.25 -1 0.75 0 5.0 gain_func_r000_016_001
16 4 10 514 1 15.375 0.0 -8.0 0.25 -1 0.75 0 5.0 gain_func_r000_016_002
16 6 10 515 1 15.125 0.0 -8.0 0.25 -1 0.75 0 5.0 gain_func_r000_016_003
16 8 10 516 1 14.875 0.0 -8.0 0.25 -1 0.75 0 5.0 gain_func_r000_016_004
16 10 10 517 1 14.625 0.0 -8.0 0.25 -1 0.75 0 5.0 gain_func_r000_016_005
16 12 10 518 1 14.375 0.0 -8.0 0.25 -1 0.75 0 5.0 gain_func_r000_016_006
16 14 10 519 1 14.125 0.0 -8.0 0.25 -1 0.75 0 5.0 gain_func_r000_016_007
16 16 10 520 1 13.875 0.0 -8.0 0.25 -1 0.75 0 5.0 gain_func_r000_016_008
16 18 10 521 1 13.625 0.0 -8.0 0.25 -1 0.75 0 5.0 gain_func_r000_016_009
16 20 10 522 1 13.375 0.0 -8.0 0.25 -1 0.75 0 5.0 gain_func_r000_016_010
16 22 10 523 1 13.125 0.0 -8.0 0.25 -1 0.75 0 5.0 gain_func_r000_016_011
16 24 10 524 1 12.875 0.0 -8.0 0.25 -1 0.75 0 5.0 gain_func_r000_016_012
16 26 10 525 1 12.625 0.0 -8.0 0.25 -1 0.75 0 5.0 gain_func_r000_016_013
16 28 10 526 1 12.375 0.0 -8.0 0.25 -1 0.75 0 5.0 gain_func_r000_016_014
16 30 10 527 1 12.125 0.0 -8.0 0.25 -1 0.75 0 5.0 gain_func_r000_016_015
16 32 10 528 1 11.875 0.0 -8.0 0.25 -1 0.75 0 5.0 gain_func_r000_016_016
16 34 10 529 1 11.625 0.0 -8.0 0.25 -1 0.75 0 5.0 gain_func_r000_016_017
16 36 10 530 1 11.375 0.0 -8.0 0.25 -1 0.75 0 5.0 gain_func_r000_016_018
16 38 10 531 1 11.125 0.0 -8.0 0.25 -1 0.75 0 5.0 gain_func_r000_016_019
16 40 10 532 1 10.875 0.0 -8.0 0.25 -1 0.75 0 5.0 gain_func_r000_016_020
16 42 10 533 1 10.625 0.0 -8.0 0.25 -1 0.75 0 5.0 gain_func_r000_016_021
16 44 10 534 1 10.375 0.0 -8.0 0.25 -1 0.75 0 5.0 gain_func_r000_016_022
16 46 10 535 1 10.125 0.0 -8.0 0.25 -1 0.75 0 5.0 gain_func_r000_016_023
16 48 10 536 1 9.875 0.0 -8.0 0.25 -1 0.75 0 5.0 gain_func_r000_016_024
16 50 10 537 1 9.625 0.0 -8.0 0.25 -1 0.75 0 5.0 gain_func_r000_016_025
16 52 10 538 1 9.375 0.0 -8.0 0.25 -1 0.75 0 5.0 gain_func_r000_016_026
16 54 10 539 1 9.125 0.0 -8.0 0.25 -1 0.75 0 5.0 gain_func_r000_016_027
16 56 10 540 1 8.875 0.0 -8.0 0.25 -1 0.75 0 5.0 gain_func_r000_016_028
16 58 10 541 1 8.625 0.0 -8.0 0.25 -1 0.75 0 5.0 gain_func_r000_016_029
16 60 10 542 1 8.375 0.0 -8.0 0.25 -1 0.75 0 5.0 gain_func_r000_016_030
16 62 10 543 1 8.125 0.0 -8.0 0.25 -1 0.75 0 5.0 gain_func_r000_016_031
17 0 10 544 1 7.875 0.0 -8.0 0.25 -1 0.75 0 5.0 gain_func_r000_017_000
17 2 10 545 1 7.625 0.0 -8.0 0.25 -1 0.75 0 5.0 gain_func_r000_017_001
17 4 10 546 1 7.375 0.0 -8.0 0.25 -1 0.75 0 5.0 gain_func_r000_017_002
17 6 10 547 1 7.125 0.0 -8.0 0.25 -1 0.75 0 5.0 gain_func_r000_017_003
17 8 10 548 1 6.875 0.0 -8.0 0.25 -1 0.75 0 5.0 gain_func_r000_017_004
17 10 10 549 1 6.625 0.0 -8.0 0.25 -1 0.75 0 5.0 gain_func_r000_017_005
17 12 10 550 1 6.375 0.0 -8.0 0.25 -1 0.75 0 5.0 gain_func_r000_017_006
17 14 10 551 1 6.125 0.0 -8.0 0.25 -1 0.75 0 5.0 gain_func_r000_017_007
17 16 10 552 1 5.875 0.0 -8.0 0.25 -1 0.75 0 5.0 gain_func_r000_017_008
17 18 10 553 1 5.625 0.0 -8.0 0.25 -1 0.75 0 5.0 gain_func_r000_017_009
17 20 10 554 1 5.375 0.0 -8.0 0.25 -1 0.75 0 5.0 gain_func_r000_017_010
17 22 10 555 1 5.125 0.0 -8.0 0.25 -1 0.75 0 5.0 gain_func_r000_017_011
17 24 10 556 1 4.875 0.0 -8.0 0.25 -1 0.75 0 5.0 gain_func_r000_017_012
17 26 10 557 1 4.625 0.0 -8.0 0.25 -1 0.75 0 5.0 gain_func_r000_017_013
17 28 10 558 1 4.375 0.0 -8.0 0.25 -1 0.75 0 5.0 gain_func_r000_017_014
17 30 10 559 1 4.125 0.0 -8.0 0.25 -1 0.75 0 5.0 gain_func_r000_017_015
17 32 10 560 1 3.875 0.0 -8.0 0.25 -1 0.75 0 5.0 gain_func_r000_017_016
17 34 10 561 1 3.625 0.0 -8.0 0.25 -1 0.75 0 5.0 gain_func_r000_017_017
17 36 10 562 1 3.375 0.0 -8.0 0.25 -1 0.75 0 5.0 gain_func_r000_017_018
17 38 10 563 1 3.125 0.0 -8.0 0.25 -1 0.75 0 5.0 gain_func_r000_017_019
17 40 10 564 1 2.875 0.0 -8.0 0.25 -1 0.75 0 5.0 gain_func_r000_017_020
17 42 10 565 1 2.625 0.0 -8.0 0.25 -1 0.75 0 5.0 gain_func_r000_017_021
17 44 10 566 1 2.375 0.0 -8.0 0.25 -1 0.75 0 5.0 gain_func_r000_017_022
17 46 10 567 1 2.125 0.0 -8.0 0.25 -1 0.75 0 5.0 gain_func_r000_017_023
17 48 10 568 1 1.875 0.0 -8.0 0.25 -1 0.75 0 5.0 gain_func_r000_017_024
17 50 10 569 1 1.625 0.0 -8.0 0.25 -1 0.75 0 5.0 gain_func_r000_017_025
17 52 10 570 1 1.375 0.0 -8.0 0.25 -1 0.75 0 5.0 gain_func_r000_017_026
17 54 10 571 1 1.125 0.0 -8.0 0.25 -1 0.75 0 5.0 gain_func_r000_017_027
17 56 10 572 1 0.875 0.0 -8.0 0.25 -1 0.75 0 5.0 gain_func_r000_017_028
17 58 10 573 1 0.625 0.0 -8.0 0.25 -1 0.75 0 5.0 gain_func_r000_017_029
17 60 10 574 1 0.375 0.0 -8.0 0.25 -1 0.75 0 5.0 gain_func_r000_017_030
17 62 10 575 1 0.125 0.0 -8.0 0.25 -1 0.75 0 5.0 gain_func_r000_017_031
18 0 10 576 1 -0.125 0.0 -8.0 0.25 -1 0.75 0 5.0 gain_func_r000_018_000
18 2 10 577 1 -0.375 0.0 -8.0 0.25 -1 0.75 0 5.0 gain_func_r000_018_001
18 4 10 578 1 -0.625 0.0 -8.0 0.25 -1 0.75 0 5.0 gain_func_r000_018_002
18 6 10 579 1 -0.875 0.0 -8.0 0.25 -1 0.75 0 5.0 gain_func_r000_018_003
18 8 10 580 1 -1.125 0.0 -8.0 0.25 -1 0.75 0 5.0 gain_func_r000_018_004
18 10 10 581 1 -1.375 0.0 -8.0 0.25 -1 0.75 0 5.0 gain_func_r000_018_005
18 12 10 582 1 -1.625 0.0 -8.0 0.25 -1 0.75 0 5.0 gain_func_r000_018_006
18 14 10 583 1 -1.875 0.0 -8.0 0.25 -1 0.75 0 5.0 gain_func_r000_018_007
18 16 10 584 1 -2.125 0.0 -8.0 0.25 -1 0.75 0 5.0 gain_func_r000_018_008
18 18 10 585 1 -2.375 0.0 -8.0 0.25 -1 0.75 0 5.0 gain_func_r000_018_009
18 20 10 586 1 -2.625 0.0 -8.0 0.25 -1 0.75 0 5.0 gain_func_r000_018_010
18 22 10 587 1 -2.875 0.0 -8.0 0.25 -1 0.75 0 5.0 gain_func_r000_018_011
18 24 10 588 1 -3.125 0.0 -8.0 0.25 -1 0.75 0 5.0 gain_func_r000_018_012
18 26 10 589 1 -3.375 0.0 -8.0 0.25 -1 0.75 0 5.0 gain_func_r000_018_013
18 28 10 590 1 -3.625 0.0 -8.0 0.25 -1 0.75 0 5.0 gain_func_r000_018_014
18 30 10 591 1 -3.875 0.0 -8.0 0.25 -1 0.75 0 5.0 gain_func_r000_018_015
18 32 10 592 1 -4.125 0.0 -8.0 0.25 -1 0.75 0 5.0 gain_func_r000_018_016
18 34 10 593 1 -4.375 0.0 -8.0 0.25 -1 0.75 0 5.0 gain_func_r000_018_017
18 36 10 594 1 -4.625 0.0 -8.0 0.25 -1 0.75 0 5.0 gain_func_r000_018_018
18 38 10 595 1 -4.875 0.0 -8.0 0.25 -1 0.75 0 5.0 gain_func_r000_018_019
18 40 10 596 1 -5.125 0.0 -8.0 0.25 -1 0.75 0 5.0 gain_func_r000_018_020
18 42 10 597 1 -5.375 0.0 -8.0 0.25 -1 0.75 0 5.0 gain_func_r000_018_021
18 44 10 598 1 -5.625 0.0 -8.0 0.25 -1 0.75 0 5.0 gain_func_r000_018_022
18 46 10 599 1 -5.875 0.0 -8.0 0.25 -1 0.75 0 5.0 gain_func_r000_018_023
18 48 10 600 1 -6.125 0.0 -8.0 0.25 -1 0.75 0 5.0 gain_func_r000_018_024
18 50 10 601 1 -6.375 0.0 -8.0 0.25 -1 0.75 0 5.0 gain_func_r000_018_025
18 52 10 602 1 -6.625 0.0 -8.0 0.25 -1 0.75 0 5.0 gain_func_r000_018_026
18 54 10 603 1 -6.875 0.0 -8.0 0.25 -1 0.75 0 5.0 gain_func_r000_018_027
18 56 10 604 1 -7.125 0.0 -8.0 0.25 -1 0.75 0 5.0 gain_func_r000_018_028
18 58 10 605 1 -7.375 0.0 -8.0 0.25 -1 0.75 0 5.0 gain_func_r000_018_029
18 60 10 606 1 -7.625 0.0 -8.0 0.25 -1 0.75 0 5.0 gain_func_r000_018_030
18 62 10 607 1 -7.875 0.0 -8.0 0.25 -1 0.75 0 5.0 gain_func_r000_018_031
19 0 10 608 1 -8.125 0.0 -8.0 0.25 -1 0.75 0 5.0 gain_func_r000_019_000
19 2 10 609 1 -8.375 0.0 -8.0 0.25 -1 0.75 0 5.0 gain_func_r000_019_001
19 4 10 610 1 -8.625 0.0 -8.0 0.25 -1 0.75 0 5.0 gain_func_r000_019_002
19 6 10 611 1 -8.875 0.0 -8.0 0.25 -1 0.75 0 5.0 gain_func_r000_019_003
19 8 10 612 1 -9.125 0.0 -8.0 0.25 -1 0.75 0 5.0 gain_func_r000_019_004
19 10 10 613 1 -9.375 0.0 -8.0 0.25 -1 0.75 0 5.0 gain_func_r000_019_005
19 12 10 614 1 -9.625 0.0 -8.0 0.25 -1 0.75 0 5.0 gain_func_r000_019_006
19 14 10 615 1 -9.875 0.0 -8.0 0.25 -1 0.75 0 5.0 gain_func_r000_019_007
19 16 10 616 1 -10.125 0.0 -8.0 0.25 -1 0.75 0 5.0 gain_func_r000_019_008
19 18 10 617 1 -10.375 0.0 -8.0 0.25 -1 0.75 0 5.0 gain_func_r000_019_009
19 20 10 618 1 -10.625 0.0 -8.0 0.25 -1 0.75 0 5.0 gain_func_r000_019_010
19 22 10 619 1 -10.875 0.0 -8.0 0.25 -1 0.75 0 5.0 gain_func_r000_019_011
19 24 10 620 1 -11.125 0.0 -8.0 0.25 -1 0.75 0 5.0 gain_func_r000_019_012
19 26 10 621 1 -11.375 0.0 -8.0 0.25 -1 0.75 0 5.0 gain_func_r000_019_013
19 28 10 622 1 -11.625 0.0 -8.0 0.25 -1 0.75 0 5.0 gain_func_r000_019_014
19 30 10 623 1 -11.875 0.0 -8.0 0.25 -1 0.75 0 5.0 gain_func_r000_019_015
19 32 10 624 1 -12.125 0.0 -8.0 0.25 -1 0.75 0 5.0 gain_func_r000_019_016
19 34 10 625 1 -12.375 0.0 -8.0 0.25 -1 0.75 0 5.0 gain_func_r000_019_017
19 36 10 626 1 -12.625 0.0 -8.0 0.25 -1 0.75 0 5.0 gain_func_r000_019_018
19 38 10 627 1 -12.875 0.0 -8.0 0.25 -1 0.75 0 5.0 gain_func_r000_019_019
19 40 10 628 1 -13.125 0.0 -8.0 0.25 -1 0.75 0 5.0 gain_func_r000_019_020
19 42 10 629 1 -13.375 0.0 -8.0 0.25 -1 0.75 0 5.0 gain_func_r000_019_021
19 44 10 630 1 -13.625 0.0 -8.0 0.25 -1 0.75 0 5.0 gain_func_r000_019_022
19 46 10 631 1 -13.875 0.0 -8.0 0.25 -1 0.75 0 5.0 gain_func_r000_019_023
19 48 10 632 1 -14.125 0.0 -8.0 0.25 -1 0.75 0 5.0 gain_func_r000_019_024
19 50 10 633 1 -14.375 0.0 -8.0 0.25 -1 0.75 0 5.0 gain_func_r000_019_025
19 52 10 634 1 -14.625 0.0 -8.0 0.25 -1 0.75 0 5.0 gain_func_r000_019_026
19 54 10 635 1 -14.875 0.0 -8.0 0.25 -1 0.75 0 5.0 gain_func_r000_019_027
19 56 10 636 1 -15.125 0.0 -8.0 0.25 -1 0.75 0 5.0 gain_func_r000_019_028
19 58 10 637 1 -15.375 0.0 -8.0 0.25 -1 0.75 0 5.0 gain_func_r000_019_029
19 60 10 638 1 -15.625 0.0 -8.0 0.25 -1 0.75 0 5.0 gain_func_r000_019_030
19 62 10 639 1 -15.875 0.0 -8.0 0.25 -1 0.75 1 5.0 gain_func_r000_019_031
20 0 10 640 1 0.0 8.125 -8.0 -1 0.25 0.75 0 5.0 gain_func_r000_020_000
20 2 10 641 1 0.0 8.375 -8.0 -1 0.25 0.75 0 5.0 gain_func_r000_020_001
20 4 10 642 1 0.0 8.625 -8.0 -1 0.25 0.75 0 5.0 gain_func_r000_020_002
20 6 10 643 1 0.0 8.875 -8.0 -1 0.25 0.75 0 5.0 gain_func_r000_020_003
20 8 10 644 1 0.0 9.125 -8.0 -1 0.25 0.75 0 5.0 gain_func_r000_020_004
20 10 10 645 1 0.0 9.375 -8.0 -1 0.25 0.75 0 5.0 gain_func_r000_020_005
20 12 10 646 1 0.0 9.625 -8.0 -1 0.25 0.75 0 5.0 gain_func_r000_020_006
20 14 10 647 1 0.0 9.875 -8.0 -1 0.25 0.75 0 5.0 gain_func_r000_020_007
20 16 10 648 1 0.0 10.125 -8.0 -1 0.25 0.75 0 5.0 gain_func_r000_020_008
20 18 10 649 1 0.0 10.375 -8.0 -1 0.25 0.75 0 5.0 gain_func_r000_020_009
20 20 10 650 1 0.0 10.625 -8.0 -1 0.25 0.75 0 5.0 gain_func_r000_020_010
20 22 10 651 1 0.0 10.875 -8.0 -1 0.25 0.75 0 5.0 gain_func_r000_020_011
20 24 10 652 1 0.0 11.125 -8.0 -1 0.25 0.75 0 5.0 gain_func_r000_020_012
20 26 10 653 1 0.0 11.375 -8.0 -1 0.25 0.75 0 5.0 gain_func_r000_020_013
20 28 10 654 1 0.0 11.625 -8.0 -1 0.25 0.75 0 5.0 gain_func_r000_020_014
20 30 10 655 1 0.0 11.875 -8.0 -1 0.25 0.75 0 5.0 gain_func_r000_020_015
20 32 10 656 1 0.0 12.125 -8.0 -1 0.25 0.75 0 5.0 gain_func_r000_020_016
20 34 10 657 1 0.0 12.375 -8.0 -1 0.25 0.75 0 5.0 gain_func_r000_020_017
20 36 10 658 1 0.0 12.625 -8.0 -1 0.25 0.75 0 5.0 gain_func_r000_020_018
20 38 10 659 1 0.0 12.875 -8.0 -1 0.25 0.75 0 5.0 gain_func_r000_020_019
20 40 10 660 1 0.0 13.125 -8.0 -1 0.25 0.75 0 5.0 gain_func_r000_020_020
20 42 10 661 1 0.0 13.375 -8.0 -1 0.25 0.75 0 5.0 gain_func_r000_020_021
20 44 10 662 1 0.0 13.625 -8.0 -1 0.25 0.75 0 5.0 gain_func_r000_020_022
20 46 10 663 1 0.0 13.875 -8.0 -1 0.25 0.75 0 5.0 gain_func_r000_020_023
20 48 10 664 1 0.0 14.125 -8.0 -1 0.25 0.75 0 5.0 gain_func_r000_020_024
20 50 10 665 1 0.0 14.375 -8.0 -1 0.25 0.75 0 5.0 gain_func_r000_020_025
20 52 10 666 1 0.0 14.625 -8.0 -1 0.25 0.75 0 5.0 gain_func_r000_020_026
20 54 10 667 1 0.0 14.875 -8.0 -1 0.25 0.75 0 5.0 gain_func_r000_020_027
20 56 10 668 1 0.0 15.125 -8.0 -1 0.25 0.75 0 5.0 gain_func_r000_020_028
20 58 10 669 1 0.0 15.375 -8.0 -1 0.25 0.75 0 5.0 gain_func_r000_020_029
20 60 10 670 1 0.0 15.625 -8.0 -1 0.25 0.75 0 5.0 gain_func_r000_020_030
20 62 10 671 1 0.0 15.875 -8.0 -1 0.25 0.75 0 5.0 gain_func_r000_020_031
21 0 10 672 1 0.0 0.125 -8.0 -1 0.25 0.75 0 5.0 gain_func_r000_021_000
21 2 10 673 1 0.0 0.375 -8.0 -1 0.25 0.75 0 5.0 gain_func_r000_021_001
21 4 10 674 1 0.0 0.625 -8.0 -1 0.25 0.75 0 5.0 gain_func_r000_021_002
21 6 10 675 1 0.0 0.875 -8.0 -1 0.25 0.75 0 5.0 gain_func_r000_021_003
21 8 10 676 1 0.0 1.125 -8.0 -1 0.25 0.75 0 5.0 gain_func_r000_021_004
21 10 10 677 1 0.0 1.375 -8.0 -1 0.25 0.75 0 5.0 gain_func_r000_021_005
21 12 10 678 1 0.0 1.625 -8.0 -1 0.25 0.75 0 5.0 gain_func_r000_021_006
21 14 10 679 1 0.0 1.875 -8.0 -1 0.25 0.75 0 5.0 gain_func_r000_021_007
21 16 10 680 1 0.0 2.125 -8.0 -1 0.25 0.75 0 5.0 gain_func_r000_021_008
21 18 10 681 1 0.0 2.375 -8.0 -1 0.25 0.75 0 5.0 gain_func_r000_021_009
21 20 10 682 1 0.0 2.625 -8.0 -1 0.25 0.75 0 5.0 gain_func_r000_021_010
21 22 10 683 1 0.0 2.875 -8.0 -1 0.25 0.75 0 5.0 gain_func_r000_021_011
21 24 10 684 1 0.0 3.125 -8.0 -1 0.25 0.75 0 5.0 gain_func_r000_021_012
21 26 10 685 1 0.0 3.375 -8.0 -1 0.25 0.75 0 5.0 gain_func_r000_021_013
21 28 10 686 1 0.0 3.625 -8.0 -1 0.25 0.75 0 5.0 gain_func_r000_021_014
21 30 10 687 1 0.0 3.875 -8.0 -1 0.25 0.75 0 5.0 gain_func_r000_021_015
21 32 10 688 1 0.0 4.125 -8.0 -1 0.25 0.75 0 5.0 gain_func_r000_021_016
21 34 10 689 1 0.0 4.375 -8.0 -1 0.25 0.75 0 5.0 gain_func_r000_021_017
21 36 10 690 1 0.0 4.625 -8.0 -1 0.25 0.75 0 5.0 gain_func_r000_021_018
21 38 10 691 1 0.0 4.875 -8.0 -1 0.25 0.75 0 5.0 gain_func_r000_021_019
21 40 10 692 1 0.0 5.125 -8.0 -1 0.25 0.75 0 5.0 gain_func_r000_021_020
21 42 10 693 1 0.0 5.375 -8.0 -1 0.25 0.75 0 5.0 gain_func_r000_021_021
21 44 10 694 1 0.0 5.625 -8.0 -1 0.25 0.75 0 5.0 gain_func_r000_021_022
21 46 10 695 1 0.0 5.875 -8.0 -1 0.25 0.75 0 5.0 gain_func_r000_021_023
21 48 10 696 1 0.0 6.125 -8.0 -1 0.25 0.75 0 5.0 gain_func_r000_021_024
21 50 10 697 1 0.0 6.375 -8.0 -1 0.25 0.75 0 5.0 gain_func_r000_021_025
21 52 10 698 1 0.0 6.625 -8.0 -1 0.25 0.75 0 5.0 gain_func_r000_021_026
21 54 10 699 1 0.0 6.875 -8.0 -1 0.25 0.75 0 5.0 gain_func_r000_021_027
21 56 10 700 1 0.0 7.125 -8.0 -1 0.25 0.75 0 5.0 gain_func_r000_021_028
21 58 10 701 1 0.0 7.375 -8.0 -1 0.25 0.75 0 5.0 gain_func_r000_021_029
21 60 10 702 1 0.0 7.625 -8.0 -1 0.25 0.75 0 5.0 gain_func_r000_021_030
21 62 10 703 1 0.0 7.875 -8.0 -1 0.25 0.75 0 5.0 gain_func_r000_021_031
22 0 10 704 1 0.0 -7.875 -8.0 -1 0.25 0.75 0 5.0 gain_func_r000_022_000
22 2 10 705 1 0.0 -7.625 -8.0 -1 0.25 0.75 0 5.0 gain_func_r000_022_001
22 4 10 706 1 0.0 -7.375 -8.0 -1 0.25 0.75 0 5.0 gain_func_r000_022_002
22 6 10 707 1 0.0 -7.125 -8.0 -1 0.25 0.75 0 5.0 gain_func_r000_022_003
22 8 10 708 1 0.0 -6.875 -8.0 -1 0.25 0.75 0 5.0 gain_func_r000_022_004
22 10 10 709 1 0.0 -6.625 -8.0 -1 0.25 0.75 0 5.0 gain_func_r000_022_005
22 12 10 710 1 0.0 -6.375 -8.0 -1 0.25 0.75 0 5.0 gain_func_r000_022_006
22 14 10 711 1 0.0 -6.125 -8.0 -1 0.25 0.75 0 5.0 gain_func_r000_022_007
22 16 10 712 1 0.0 -5.875 -8.0 -1 0.25 0.75 0 5.0 gain_func_r000_022_008
22 18 10 713 1 0.0 -5.625 -8.0 -1 0.25 0.75 0 5.0 gain_func_r000_022_009
22 20 10 714 1 0.0 -5.375 -8.0 -1 0.25 0.75 0 5.0 gain_func_r000_022_010
22 22 10 715 1 0.0 -5.125 -8.0 -1 0.25 0.75 0 5.0 gain_func_r000_022_011
22 24 10 716 1 0.0 -4.875 -8.0 -1 0.25 0.75 0 5.0 gain_func_r000_022_012
22 26 10 717 1 0.0 -4.625 -8.0 -1 0.25 0.75 0 5.0 gain_func_r000_022_013
22 28 10 718 1 0.0 -4.375 -8.0 -1 0.25 0.75 0 5.0 gain_func_r000_022_014
22 30 10 719 1 0.0 -4.125 -8.0 -1 0.25 0.75 0 5.0 gain_func_r000_022_015
22 32 10 720 1 0.0 -3.875 -8.0 -1 0.25 0.75 0 5.0 gain_func_r000_022_016
22 34 10 721 1 0.0 -3.625 -8.0 -1 0.25 0.75 0 5.0 gain_func_r000_022_017
22 36 10 722 1 0.0 -3.375 -8.0 -1 0.25 0.75 0 5.0 gain_func_r000_022_018
22 38 10 723 1 0.0 -3.125 -8.0 -1 0.25 0.75 0 5.0 gain_func_r000_022_019
22 40 10 724 1 0.0 -2.875 -8.0 -1 0.25 0.75 0 5.0 gain_func_r000_022_020
22 42 10 725 1 0.0 -2.625 -8.0 -1 0.25 0.75 0 5.0 gain_func_r000_022_021
22 44 10 726 1 0.0 -2.375 -8.0 -1 0.25 0.75 0 5.0 gain_func_r000_022_022
22 46 10 727 1 0.0 -2.125 -8.0 -1 0.25 0.75 0 5.0 gain_func_r000_022_023
22 48 10 728 1 0.0 -1.875 -8.0 -1 0.25 0.75 0 5.0 gain_func_r000_022_024
22 50 10 729 1 0.0 -1.625 -8.0 -1 0.25 0.75 0 5.0 gain_func_r000_022_025
22 52 10 730 1 0.0 -1.375 -8.0 -1 0.25 0.75 0 5.0 gain_func_r000_022_026
22 54 10 731 1 0.0 -1.125 -8.0 -1 0.25 0.75 0 5.0 gain_func_r000_022_027
22 56 10 732 1 0.0 -0.875 -8.0 -1 0.25 0.75 0 5.0 gain_func_r000_022_028
22 58 10 733 1 0.0 -0.625 -8.0 -1 0.25 0.75 0 5.0 gain_func_r000_022_029
22 60 10 734 1 0.0 -0.375 -8.0 -1 0.25 0.75 0 5.0 gain_func_r000_022_030
22 62 10 735 1 0.0 -0.125 -8.0 -1 0.25 0.75 0 5.0 gain_func_r000_022_031
23 0 10 736 1 0.0 -15.875 -8.0 -1 0.25 0.75 0 5.0 gain_func_r000_023_000
23 2 10 737 1 0.0 -15.625 -8.0 -1 0.25 0.75 0 5.0 gain_func_r000_023_001
23 4 10 738 1 0.0 -15.375 -8.0 -1 0.25 0.75 0 5.0 gain_func_r000_023_002
23 6 10 739 1 0.0 -15.125 -8.0 -1 0.25 0.75 0 5.0 gain_func_r000_023_003
23 8 10 740 1 0.0 -14.875 -8.0 -1 0.25 0.75 0 5.0 gain_func_r000_023_004
23 10 10 741 1 0.0 -14.625 -8.0 -1 0.25 0.75 0 5.0 gain_func_r000_023_005
23 12 10 742 1 0.0 -14.375 -8.0 -1 0.25 0.75 0 5.0 gain_func_r000_023_006
23 14 10 743 1 0.0 -14.125 -8.0 -1 0.25 0.75 0 5.0 gain_func_r000_023_007
23 16 10 744 1 0.0 -13.875 -8.0 -1 0.25 0.75 0 5.0 gain_func_r000_023_008
23 18 10 745 1 0.0 -13.625 -8.0 -1 0.25 0.75 0 5.0 gain_func_r000_023_009
23 20 10 746 1 0.0 -13.375 -8.0 -1 0.25 0.75 0 5.0 gain_func_r000_023_010
23 22 10 747 1 0.0 -13.125 -8.0 -1 0.25 0.75 0 5.0 gain_func_r000_023_011
23 24 10 748 1 0.0 -12.875 -8.0 -1 0.25 0.75 0 5.0 gain_func_r000_023_012
23 26 10 749 1 0.0 -12.625 -8.0 -1 0.25 0.75 0 5.0 gain_func_r000_023_013
23 28 10 750 1 0.0 -12.375 -8.0 -1 0.25 0.75 0 5.0 gain_func_r000_023_014
23 30 10 751 1 0.0 -12.125 -8.0 -1 0.25 0.75 0 5.0 gain_func_r000_023_015
23 32 10 752 1 0.0 -11.875 -8.0 -1 0.25 0.75 0 5.0 gain_func_r000_023_016
23 34 10 753 1 0.0 -11.625 -8.0 -1 0.25 0.75 0 5.0 gain_func_r000_023_017
23 36 10 754 1 0.0 -11.375 -8.0 -1 0.25 0.75 0 5.0 gain_func_r000_023_018
23 38 10 755 1 0.0 -11.125 -8.0 -1 0.25 0.75 0 5.0 gain_func_r000_023_019
23 40 10 756 1 0.0 -10.875 -8.0 -1 0.25 0.75 0 5.0 gain_func_r000_023_020
23 42 10 757 1 0.0 -10.625 -8.0 -1 0.25 0.75 0 5.0 gain_func_r000_023_021
23 44 10 758 1 0.0 -10.375 -8.0 -1 0.25 0.75 0 5.0 gain_func_r000_023_022
23 46 10 759 1 0.0 -10.125 -8.0 -1 0.25 0.75 0 5.0 gain_func_r000_023_023
23 48 10 760 1 0.0 -9.875 -8.0 -1 0.25 0.75 0 5.0 gain_func_r000_023_024
23 50 10 761 1 0.0 -9.625 -8.0 -1 0.25 0.75 0 5.0 gain_func_r000_023_025
23 52 10 762 1 0.0 -9.375 -8.0 -1 0.25 0.75 0 5.0 gain_func_r000_023_026
23 54 10 763 1 0.0 -9.125 -8.0 -1 0.25 0.75 0 5.0 gain_func_r000_023_027
23 56 10 764 1 0.0 -8.875 -8.0 -1 0.25 0.75 0 5.0 gain_func_r000_023_028
23 58 10 765 1 0.0 -8.625 -8.0 -1 0.25 0.75 0 5.0 gain_func_r000_023_029
23 60 10 766 1 0.0 -8.375 -8.0 -1 0.25 0.75 0 5.0 gain_func_r000_023_030
23 62 10 767 1 0.0 -8.125 -8.0 -1 0.25 0.75 0 5.0 gain_func_r000_023_031
24 0 1 256 0 15.875 0.0 -4.0 0.25 -1 0.5 1 2.5 gain_func_r000_024_000
24 2 1 257 0 15.625 0.0 -4.0 0.25 -1 0.5 0 2.5 gain_func_r000_024_001
24 4 1 258 0 15.375 0.0 -4.0 0.25 -1 0.5 0 2.5 gain_func_r000_024_002
24 6 1 259 0 15.125 0.0 -4.0 0.25 -1 0.5 0 2.5 gain_func_r000_024_003
24 8 1 260 0 14.875 0.0 -4.0 0.25 -1 0.5 0 2.5 gain_func_r000_024_004
24 10 1 261 0 14.625 0.0 -4.0 0.25 -1 0.5 0 2.5 gain_func_r000_024_005
24 12 1 262 0 14.375 0.0 -4.0 0.25 -1 0.5 0 2.5 gain_func_r000_024_006
24 14 1 263 0 14.125 0.0 -4.0 0.25 -1 0.5 0 2.5 gain_func_r000_024_007
24 16 1 264 0 13.875 0.0 -4.0 0.25 -1 0.5 0 2.5 gain_func_r000_024_008
24 18 1 265 0 13.625 0.0 -4.0 0.25 -1 0.5 0 2.5 gain_func_r000_024_009
24 20 1 266 0 13.375 0.0 -4.0 0.25 -1 0.5 0 2.5 gain_func_r000_024_010
24 22 1 267 0 13.125 0.0 -4.0 0.25 -1 0.5 0 2.5 gain_func_r000_024_011
24 24 1 268 0 12.875 0.0 -4.0 0.25 -1 0.5 0 2.5 gain_func_r000_024_012
24 26 1 269 0 12.625 0.0 -4.0 0.25 -1 0.5 0 2.5 gain_func_r000_024_013
24 28 1 270 0 12.375 0.0 -4.0 0.25 -1 0.5 0 2.5 gain_func_r000_024_014
24 30 1 271 0 12.125 0.0 -4.0 0.25 -1 0.5 0 2.5 gain_func_r000_024_015
24 32 1 272 0 11.875 0.0 -4.0 0.25 -1 0.5 0 2.5 gain_func_r000_024_016
24 34 1 273 0 11.625 0.0 -4.0 0.25 -1 0.5 0 2.5 gain_func_r000_024_017
24 36 1 274 0 11.375 0.0 -4.0 0.25 -1 0.5 0 2.5 gain_func_r000_024_018
24 38 1 275 0 11.125 0.0 -4.0 0.25 -1 0.5 0 2.5 gain_func_r000_024_019
24 40 1 276 0 10.875 0.0 -4.0 0.25 -1 0.5 0 2.5 gain_func_r000_024_020
24 42 1 277 0 10.625 0.0 -4.0 0.25 -1 0.5 0 2.5 gain_func_r000_024_021
24 44 1 278 0 10.375 0.0 -4.0 0.25 -1 0.5 0 2.5 gain_func_r000_024_022
24 46 1 279 0 10.125 0.0 -4.0 0.25 -1 0.5 0 2.5 gain_func_r000_024_023
24 48 1 280 0 9.875 0.0 -4.0 0.25 -1 0.5 0 2.5 gain_func_r000_024_024
24 50 1 281 0 9.625 0.0 -4.0 0.25 -1 0.5 0 2.5 gain_func_r000_024_025
24 52 1 282 0 9.375 0.0 -4.0 0.25 -1 0.5 0 2.5 gain_func_r000_024_026
24 54 1 283 0 9.125 0.0 -4.0 0.25 -1 0.5 0 2.5 gain_func_r000_024_027
24 56 1 284 0 8.875 0.0 -4.0 0.25 -1 0.5 0 2.5 gain_func_r000_024_028
24 58 1 285 0 8.625 0.0 -4.0 0.25 -1 0.5 0 2.5 gain_func_r000_024_029
24 60 1 286 0 8.375 0.0 -4.0 0.25 -1 0.5 0 2.5 gain_func_r000_024_030
24 62 1 287 0 8.125 0.0 -4.0 0.25 -1 0.5 0 2.5 gain_func_r000_024_031
25 0 1 288 0 7.875 0.0 -4.0 0.25 -1 0.5 0 2.5 gain_func_r000_025_000
25 2 1 289 0 7.625 0.0 -4.0 0.25 -1 0.5 0 2.5 gain_func_r000_025_001
25 4 1 290 0 7.375 0.0 -4.0 0.25 -1 0.5 0 2.5 gain_func_r000_025_002
25 6 1 291 0 7.125 0.0 -4.0 0.25 -1 0.5 0 2.5 gain_func_r000_025_003
25 8 1 292 0 6.875 0.0 -4.0 0.25 -1 0.5 0 2.5 gain_func_r000_025_004
25 10 1 293 0 6.625 0.0 -4.0 0.25 -1 0.5 0 2.5 gain_func_r000_025_005
25 12 1 294 0 6.375 0.0 -4.0 0.25 -1 0.5 0 2.5 gain_func_r000_025_006
25 14 1 295 0 6.125 0.0 -4.0 0.25 -1 0.5 0 2.5 gain_func_r000_025_007
25 16 1 296 0 5.875 0.0 -4.0 0.25 -1 0.5 0 2.5 gain_func_r000_025_008
25 18 1 297 0 5.625 0.0 -4.0 0.25 -1 0.5 0 2.5 gain_func_r000_025_009
25 20 1 298 0 5.375 0.0 -4.0 0.25 -1 0.5 0 2.5 gain_func_r000_025_010
25 22 1 299 0 5.125 0.0 -4.0 0.25 -1 0.5 0 2.5 gain_func_r000_025_011
25 24 1 300 0 4.875 0.0 -4.0 0.25 -1 0.5 0 2.5 gain_func_r000_025_012
25 26 1 301 0 4.625 0.0 -4.0 0.25 -1 0.5 0 2.5 gain_func_r000_025_013
25 28 1 302 0 4.375 0.0 -4.0 0.25 -1 0.5 0 2.5 gain_func_r000_025_014
25 30 1 303 0 4.125 0.0 -4.0 0.25 -1 0.5 0 2.5 gain_func_r000_025_015
25 32 1 304 0 3.875 0.0 -4.0 0.25 -1 0.5 0 2.5 gain_func_r000_025_016
25 34 1 305 0 3.625 0.0 -4.0 0.25 -1 0.5 0 2.5 gain_func_r000_025_017
25 36 1 306 0 3.375 0.0 -4.0 0.25 -1 0.5 0 2.5 gain_func_r000_025_018
25 38 1 307 0 3.125 0.0 -4.0 0.25 -1 0.5 0 2.5 gain_func_r000_025_019
25 40 1 308 0 2.875 0.0 -4.0 0.25 -1 0.5 0 2.5 gain_func_r000_025_020
25 42 1 309 0 2.625 0.0 -4.0 0.25 -1 0.5 0 2.5 gain_func_r000_025_021
25 44 1 310 0 2.375 0.0 -4.0 0.25 -1 0.5 0 2.5 gain_func_r000_025_022
25 46 1 311 0 2.125 0.0 -4.0 0.25 -1 0.5 0 2.5 gain_func_r000_025_023
25 48 1 312 0 1.875 0.0 -4.0 0.25 -1 0.5 0 2.5 gain_func_r000_025_024
25 50 1 313 0 1.625 0.0 -4.0 0.25 -1 0.5 0 2.5 gain_func_r000_025_025
25 52 1 314 0 1.375 0.0 -4.0 0.25 -1 0.5 0 2.5 gain_func_r000_025_026
25 54 1 315 0 1.125 0.0 -4.0 0.25 -1 0.5 0 2.5 gain_func_r000_025_027
25 56 1 316 0 0.875 0.0 -4.0 0.25 -1 0.5 0 2.5 gain_func_r000_025_028
25 58 1 317 0 0.625 0.0 -4.0 0.25 -1 0.5 0 2.5 gain_func_r000_025_029
25 60 1 318 0 0.375 0.0 -4.0 0.25 -1 0.5 0 2.5 gain_func_r000_025_030
25 62 1 319 0 0.125 0.0 -4.0 0.25 -1 0.5 0 2.5 gain_func_r000_025_031
26 0 1 320 0 -0.125 0.0 -4.0 0.25 -1 0.5 0 2.5 gain_func_r000_026_000
26 2 1 321 0 -0.375 0.0 -4.0 0.25 -1 0.5 0 2.5 gain_func_r000_026_001
26 4 1 322 0 -0.625 0.0 -4.0 0.25 -1 0.5 0 2.5 gain_func_r000_026_002
26 6 1 323 0 -0.875 0.0 -4.0 0.25 -1 0.5 0 2.5 gain_func_r000_026_003
26 8 1 324 0 -1.125 0.0 -4.0 0.25 -1 0.5 0 2.5 gain_func_r000_026_004
26 10 1 325 0 -1.375 0.0 -4.0 0.25 -1 0.5 0 2.5 gain_func_r000_026_005
26 12 1 326 0 -1.625 0.0 -4.0 0.25 -1 0.5 0 2.5 gain_func_r000_026_006
26 14 1 327 0 -1.875 0.0 -4.0 0.25 -1 0.5 0 2.5 gain_func_r000_026_007
26 16 1 328 0 -2.125 0.0 -4.0 0.25 -1 0.5 0 2.5 gain_func_r000_026_008
26 18 1 329 0 -2.375 0.0 -4.0 0.25 -1 0.5 0 2.5 gain_func_r000_026_009
26 20 1 330 0 -2.625 0.0 -4.0 0.25 -1 0.5 0 2.5 gain_func_r000_026_010
26 22 1 331 0 -2.875 0.0 -4.0 0.25 -1 0.5 0 2.5 gain_func_r000_026_011
26 24 1 332 0 -3.125 0.0 -4.0 0.25 -1 0.5 0 2.5 gain_func_r000_026_012
26 26 1 333 0 -3.375 0.0 -4.0 0.25 -1 0.5 0 2.5 gain_func_r000_026_013
26 28 1 334 0 -3.625 0.0 -4.0 0.25 -1 0.5 0 2.5 gain_func_r000_026_014
26 30 1 335 0 -3.875 0.0 -4.0 0.25 -1 0.5 0 2.5 gain_func_r000_026_015
26 32 1 336 0 -4.125 0.0 -4.0 0.25 -1 0.5 0 2.5 gain_func_r000_026_016
26 34 1 337 0 -4.375 0.0 -4.0 0.25 -1 0.5 0 2.5 gain_func_r000_026_017
26 36 1 338 0 -4.625 0.0 -4.0 0.25 -1 0.5 0 2.5 gain_func_r000_026_018
26 38 1 339 0 -4.875 0.0 -4.0 0.25 -1 0.5 0 2.5 gain_func_r000_026_019
26 40 1 340 0 -5.125 0.0 -4.0 0.25 -1 0.5 0 2.5 gain_func_r000_026_020
26 42 1 341 0 -5.375 0.0 -4.0 0.25 -1 0.5 0 2.5 gain_func_r000_026_021
26 44 1 342 0 -5.625 0.0 -4.0 0.25 -1 0.5 0 2.5 gain_func_r000_026_022
26 46 1 343 0 -5.875 0.0 -4.0 0.25 -1 0.5 0 2.5 gain_func_r000_026_023
26 48 1 344 0 -6.125 0.0 -4.0 0.25 -1 0.5 0 2.5 gain_func_r000_026_024
26 50 1 345 0 -6.375 0.0 -4.0 0.25 -1 0.5 0 2.5 gain_func_r000_026_025
26 52 1 346 0 -6.625 0.0 -4.0 0.25 -1 0.5 0 2.5 gain_func_r000_026_026
26 54 1 347 0 -6.875 0.0 -4.0 0.25 -1 0.5 0 2.5 gain_func_r000_026_027
26 56 1 348 0 -7.125 0.0 -4.0 0.25 -1 0.5 0 2.5 gain_func_r000_026_028
26 58 1 349 0 -7.375 0.0 -4.0 0.25 -1 0.5 0 2.5 gain_func_r000_026_029
26 60 1 350 0 -7.625 0.0 -4.0 0.25 -1 0.5 0 2.5 gain_func_r000_026_030
26 62 1 351 0 -7.875 0.0 -4.0 0.25 -1 0.5 0 2.5 gain_func_r000_026_031
27 0 1 352 0 -8.125 0.0 -4.0 0.25 -1 0.5 0 2.5 gain_func_r000_027_000
27 2 1 353 0 -8.375 0.0 -4.0 0.25 -1 0.5 0 2.5 gain_func_r000_027_001
27 4 1 354 0 -8.625 0.0 -4.0 0.25 -1 0.5 0 2.5 gain_func_r000_027_002
27 6 1 355 0 -8.875 0.0 -4.0 0.25 -1 0.5 0 2.5 gain_func_r000_027_003
27 8 1 356 0 -9.125 0.0 -4.0 0.25 -1 0.5 0 2.5 gain_func_r000_027_004
27 10 1 357 0 -9.375 0.0 -4.0 0.25 -1 0.5 0 2.5 gain_func_r000_027_005
27 12 1 358 0 -9.625 0.0 -4.0 0.25 -1 0.5 0 2.5 gain_func_r000_027_006
27 14 1 359 0 -9.875 0.0 -4.0 0.25 -1 0.5 0 2.5 gain_func_r000_027_007
27 16 1 360 0 -10.125 0.0 -4.0 0.25 -1 0.5 0 2.5 gain_func_r000_027_008
27 18 1 361 0 -10.375 0.0 -4.0 0.25 -1 0.5 0 2.5 gain_func_r000_027_009
27 20 1 362 0 -10.625 0.0 -4.0 0.25 -1 0.5 0 2.5 gain_func_r000_027_010
27 22 1 363 0 -10.875 0.0 -4.0 0.25 -1 0.5 0 2.5 gain_func_r000_027_011
27 24 1 364 0 -11.125 0.0 -4.0 0.25 -1 0.5 0 2.5 gain_func_r000_027_012
27 26 1 365 0 -11.375 0.0 -4.0 0.25 -1 0.5 0 2.5 gain_func_r000_027_013
27 28 1 366 0 -11.625 0.0 -4.0 0.25 -1 0.5 0 2.5 gain_func_r000_027_014
27 30 1 367 0 -11.875 0.0 -4.0 0.25 -1 0.5 0 2.5 gain_func_r000_027_015
27 32 1 368 0 -12.125 0.0 -4.0 0.25 -1 0.5 0 2.5 gain_func_r000_027_016
27 34 1 369 0 -12.375 0.0 -4.0 0.25 -1 0.5 0 2.5 gain_func_r000_027_017
27 36 1 370 0 -12.625 0.0 -4.0 0.25 -1 0.5 0 2.5 gain_func_r000_027_018
27 38 1 371 0 -12.875 0.0 -4.0 0.25 -1 0.5 0 2.5 gain_func_r000_027_019
27 40 1 372 0 -13.125 0.0 -4.0 0.25 -1 0.5 0 2.5 gain_func_r000_027_020
27 42 1 373 0 -13.375 0.0 -4.0 0.25 -1 0.5 0 2.5 gain_func_r000_027_021
27 44 1 374 0 -13.625 0.0 -4.0 0.25 -1 0.5 0 2.5 gain_func_r000_027_022
27 46 1 375 0 -13.875 0.0 -4.0 0.25 -1 0.5 0 2.5 gain_func_r000_027_023
27 48 1 376 0 -14.125 0.0 -4.0 0.25 -1 0.5 0 2.5 gain_func_r000_027_024
27 50 1 377 0 -14.375 0.0 -4.0 0.25 -1 0.5 0 2.5 gain_func_r000_027_025
27 52 1 378 0 -14.625 0.0 -4.0 0.25 -1 0.5 0 2.5 gain_func_r000_027_026
27 54 1 379 0 -14.875 0.0 -4.0 0.25 -1 0.5 0 2.5 gain_func_r000_027_027
27 56 1 380 0 -15.125 0.0 -4.0 0.25 -1 0.5 0 2.5 gain_func_r000_027_028
27 58 1 381 0 -15.375 0.0 -4.0 0.25 -1 0.5 0 2.5 gain_func_r000_027_029
27 60 1 382 0 -15.625 0.0 -4.0 0.25 -1 0.5 0 2.5 gain_func_r000_027_030
27 62 1 383 0 -15.875 0.0 -4.0 0.25 -1 0.5 1 2.5 gain_func_r000_027_031
28 0 1 384 0 0.0 8.125 -4.0 -1 0.25 0.5 0 2.5 gain_func_r000_028_000
28 2 1 385 0 0.0 8.375 -4.0 -1 0.25 0.5 0 2.5 gain_func_r000_028_001
28 4 1 386 0 0.0 8.625 -4.0 -1 0.25 0.5 0 2.5 gain_func_r000_028_002
28 6 1 387 0 0.0 8.875 -4.0 -1 0.25 0.5 0 2.5 gain_func_r000_028_003
28 8 1 388 0 0.0 9.125 -4.0 -1 0.25 0.5 0 2.5 gain_func_r000_028_004
28 10 1 389 0 0.0 9.375 -4.0 -1 0.25 0.5 0 2.5 gain_func_r000_028_005
28 12 1 390 0 0.0 9.625 -4.0 -1 0.25 0.5 0 2.5 gain_func_r000_028_006
28 14 1 391 0 0.0 9.875 -4.0 -1 0.25 0.5 0 2.5 gain_func_r000_028_007
28 16 1 392 0 0.0 10.125 -4.0 -1 0.25 0.5 0 2.5 gain_func_r000_028_008
28 18 1 393 0 0.0 10.375 -4.0 -1 0.25 0.5 0 2.5 gain_func_r000_028_009
28 20 1 394 0 0.0 10.625 -4.0 -1 0.25 0.5 0 2.5 gain_func_r000_028_010
28 22 1 395 0 0.0 10.875 -4.0 -1 0.25 0.5 0 2.5 gain_func_r000_028_011
28 24 1 396 0 0.0 11.125 -4.0 -1 0.25 0.5 0 2.5 gain_func_r000_028_012
28 26 1 397 0 0.0 11.375 -4.0 -1 0.25 0.5 0 2.5 gain_func_r000_028_013
28 28 1 398 0 0.0 11.625 -4.0 -1 0.25 0.5 0 2.5 gain_func_r000_028_014
28 30 1 399 0 0.0 11.875 -4.0 -1 0.25 0.5 0 2.5 gain_func_r000_028_015
28 32 1 400 0 0.0 12.125 -4.0 -1 0.25 0.5 0 2.5 gain_func_r000_028_016
28 34 1 401 0 0.0 12.375 -4.0 -1 0.25 0.5 0 2.5 gain_func_r000_028_017
28 36 1 402 0 0.0 12.625 -4.0 -1 0.25 0.5 0 2.5 gain_func_r000_028_018
28 38 1 403 0 0.0 12.875 -4.0 -1 0.25 0.5 0 2.5 gain_func_r000_028_019
28 40 1 404 0 0.0 13.125 -4.0 -1 0.25 0.5 0 2.5 gain_func_r000_028_020
28 42 1 405 0 0.0 13.375 -4.0 -1 0.25 0.5 0 2.5 gain_func_r000_028_021
28 44 1 406 0 0.0 13.625 -4.0 -1 0.25 0.5 0 2.5 gain_func_r000_028_022
28 46 1 407 0 0.0 13.875 -4.0 -1 0.25 0.5 0 2.5 gain_func_r000_028_023
28 48 1 408 0 0.0 14.125 -4.0 -1 0.25 0.5 0 2.5 gain_func_r000_028_024
28 50 1 409 0 0.0 14.375 -4.0 -1 0.25 0.5 0 2.5 gain_func_r000_028_025
28 52 1 410 0 0.0 14.625 -4.0 -1 0.25 0.5 0 2.5 gain_func_r000_028_026
28 54 1 411 0 0.0 14.875 -4.0 -1 0.25 0.5 0 2.5 gain_func_r000_028_027
28 56 1 412 0 0.0 15.125 -4.0 -1 0.25 0.5 0 2.5 gain_func_r000_028_028
28 58 1 413 0 0.0 15.375 -4.0 -1 0.25 0.5 0 2.5 gain_func_r000_028_029
28 60 1 414 0 0.0 15.625 -4.0 -1 0.25 0.5 0 2.5 gain_func_r000_028_030
28 62 1 415 0 0.0 15.875 -4.0 -1 0.25 0.5 0 2.5 gain_func_r000_028_031
29 0 1 416 0 0.0 0.125 -4.0 -1 0.25 0.5 0 2.5 gain_func_r000_029_000
29 2 1 417 0 0.0 0.375 -4.0 -1 0.25 0.5 0 2.5 gain_func_r000_029_001
29 4 1 418 0 0.0 0.625 -4.0 -1 0.25 0.5 0 2.5 gain_func_r000_029_002
29 6 1 419 0 0.0 0.875 -4.0 -1 0.25 0.5 0 2.5 gain_func_r000_029_003
29 8 1 420 0 0.0 1.125 -4.0 -1 0.25 0.5 0 2.5 gain_func_r000_029_004
29 10 1 421 0 0.0 1.375 -4.0 -1 0.25 0.5 0 2.5 gain_func_r000_029_005
29 12 1 422 0 0.0 1.625 -4.0 -1 0.25 0.5 0 2.5 gain_func_r000_029_006
29 14 1 423 0 0.0 1.875 -4.0 -1 0.25 0.5 0 2.5 gain_func_r000_029_007
29 16 1 424 0 0.0 2.125 -4.0 -1 0.25 0.5 0 2.5 gain_func_r000_029_008
29 18 1 425 0 0.0 2.375 -4.0 -1 0.25 0.5 0 2.5 gain_func_r000_029_009
29 20 1 426 0 0.0 2.625 -4.0 -1 0.25 0.5 0 2.5 gain_func_r000_029_010
29 22 1 427 0 0.0 2.875 -4.0 -1 0.25 0.5 0 2.5 gain_func_r000_029_011
29 24 1 428 0 0.0 3.125 -4.0 -1 0.25 0.5 0 2.5 gain_func_r000_029_012
29 26 1 429 0 0.0 3.375 -4.0 -1 0.25 0.5 0 2.5 gain_func_r000_029_013
29 28 1 430 0 0.0 3.625 -4.0 -1 0.25 0.5 0 2.5 gain_func_r000_029_014
29 30 1 431 0 0.0 3.875 -4.0 -1 0.25 0.5 0 2.5 gain_func_r000_029_015
29 32 1 432 0 0.0 4.125 -4.0 -1 0.25 0.5 0 2.5 gain_func_r000_029_016
29 34 1 433 0 0.0 4.375 -4.0 -1 0.25 0.5 0 2.5 gain_func_r000_029_017
29 36 1 434 0 0.0 4.625 -4.0 -1 0.25 0.5 0 2.5 gain_func_r000_029_018
29 38 1 435 0 0.0 4.875 -4.0 -1 0.25 0.5 0 2.5 gain_func_r000_029_019
29 40 1 436 0 0.0 5.125 -4.0 -1 0.25 0.5 0 2.5 gain_func_r000_029_020
29 42 1 437 0 0.0 5.375 -4.0 -1 0.25 0.5 0 2.5 gain_func_r000_029_021
29 44 1 438 0 0.0 5.625 -4.0 -1 0.25 0.5 0 2.5 gain_func_r000_029_022
29 46 1 439 0 0.0 5.875 -4.0 -1 0.25 0.5 0 2.5 gain_func_r000_029_023
29 48 1 440 0 0.0 6.125 -4.0 -1 0.25 0.5 0 2.5 gain_func_r000_029_024
29 50 1 441 0 0.0 6.375 -4.0 -1 0.25 0.5 0 2.5 gain_func_r000_029_025
29 52 1 442 0 0.0 6.625 -4.0 -1 0.25 0.5 0 2.5 gain_func_r000_029_026
29 54 1 443 0 0.0 6.875 -4.0 -1 0.25 0.5 0 2.5 gain_func_r000_029_027
29 56 1 444 0 0.0 7.125 -4.0 -1 0.25 0.5 0 2.5 gain_func_r000_029_028
29 58 1 445 0 0.0 7.375 -4.0 -1 0.25 0.5 0 2.5 gain_func_r000_029_029
29 60 1 446 0 0.0 7.625 -4.0 -1 0.25 0.5 0 2.5 gain_func_r000_029_030
29 62 1 447 0 0.0 7.875 -4.0 -1 0.25 0.5 0 2.5 gain_func_r000_029_031
30 0 1 448 0 0.0 -7.875 -4.0 -1 0.25 0.5 0 2.5 gain_func_r000_030_000
30 2 1 449 0 0.0 -7.625 -4.0 -1 0.25 0.5 0 2.5 gain_func_r000_030_001
30 4 1 450 0 0.0 -7.375 -4.0 -1 0.25 0.5 0 2.5 gain_func_r000_030_002
30 6 1 451 0 0.0 -7.125 -4.0 -1 0.25 0.5 0 2.5 gain_func_r000_030_003
30 8 1 452 0 0.0 -6.875 -4.0 -1 0.25 0.5 0 2.5 gain_func_r000_030_004
30 10 1 453 0 0.0 -6.625 -4.0 -1 0.25 0.5 0 2.5 gain_func_r000_030_005
30 12 1 454 0 0.0 -6.375 -4.0 -1 0.25 0.5 0 2.5 gain_func_r000_030_006
30 14 1 455 0 0.0 -6.125 -4.0 -1 0.25 0.5 0 2.5 gain_func_r000_030_007
30 16 1 456 0 0.0 -5.875 -4.0 -1 0.25 0.5 0 2.5 gain_func_r000_030_008
30 18 1 457 0 0.0 -5.625 -4.0 -1 0.25 0.5 0 2.5 gain_func_r000_030_009
30 20 1 458 0 0.0 -5.375 -4.0 -1 0.25 0.5 0 2.5 gain_func_r000_030_010
30 22 1 459 0 0.0 -5.125 -4.0 -1 0.25 0.5 0 2.5 gain_func_r000_030_011
30 24 1 460 0 0.0 -4.875 -4.0 -1 0.25 0.5 0 2.5 gain_func_r000_030_012
30 26 1 461 0 0.0 -4.625 -4.0 -1 0.25 0.5 0 2.5 gain_func_r000_030_013
30 28 1 462 0 0.0 -4.375 -4.0 -1 0.25 0.5 0 2.5 gain_func_r000_030_014
30 30 1 463 0 0.0 -4.125 -4.0 -1 0.25 0.5 0 2.5 gain_func_r000_030_015
30 32 1 464 0 0.0 -3.875 -4.0 -1 0.25 0.5 0 2.5 gain_func_r000_030_016
30 34 1 465 0 0.0 -3.625 -4.0 -1 0.25 0.5 0 2.5 gain_func_r000_030_017
30 36 1 466 0 0.0 -3.375 -4.0 -1 0.25 0.5 0 2.5 gain_func_r000_030_018
30 38 1 467 0 0.0 -3.125 -4.0 -1 0.25 0.5 0 2.5 gain_func_r000_030_019
30 40 1 468 0 0.0 -2.875 -4.0 -1 0.25 0.5 0 2.5 gain_func_r000_030_020
30 42 1 469 0 0.0 -2.625 -4.0 -1 0.25 0.5 0 2.5 gain_func_r000_030_021
30 44 1 470 0 0.0 -2.375 -4.0 -1 0.25 0.5 0 2.5 gain_func_r000_030_022
30 46 1 471 0 0.0 -2.125 -4.0 -1 0.25 0.5 0 2.5 gain_func_r000_030_023
30 48 1 472 0 0.0 -1.875 -4.0 -1 0.25 0.5 0 2.5 gain_func_r000_030_024
30 50 1 473 0 0.0 -1.625 -4.0 -1 0.25 0.5 0 2.5 gain_func_r000_030_025
30 52 1 474 0 0.0 -1.375 -4.0 -1 0.25 0.5 0 2.5 gain_func_r000_030_026
30 54 1 475 0 0.0 -1.125 -4.0 -1 0.25 0.5 0 2.5 gain_func_r000_030_027
30 56 1 476 0 0.0 -0.875 -4.0 -1 0.25 0.5 0 2.5 gain_func_r000_030_028
30 58 1 477 0 0.0 -0.625 -4.0 -1 0.25 0.5 0 2.5 gain_func_r000_030_029
30 60 1 478 0 0.0 -0.375 -4.0 -1 0.25 0.5 0 2.5 gain_func_r000_030_030
30 62 1 479 0 0.0 -0.125 -4.0 -1 0.25 0.5 0 2.5 gain_func_r000_030_031
31 0 1 480 0 0.0 -15.875 -4.0 -1 0.25 0.5 0 2.5 gain_func_r000_031_000
31 2 1 481 0 0.0 -15.625 -4.0 -1 0.25 0.5 0 2.5 gain_func_r000_031_001
31 4 1 482 0 0.0 -15.375 -4.0 -1 0.25 0.5 0 2.5 gain_func_r000_031_002
31 6 1 483 0 0.0 -15.125 -4.0 -1 0.25 0.5 0 2.5 gain_func_r000_031_003
31 8 1 484 0 0.0 -14.875 -4.0 -1 0.25 0.5 0 2.5 gain_func_r000_031_004
31 10 1 485 0 0.0 -14.625 -4.0 -1 0.25 0.5 0 2.5 gain_func_r000_031_005
31 12 1 486 0 0.0 -14.375 -4.0 -1 0.25 0.5 0 2.5 gain_func_r000_031_006
31 14 1 487 0 0.0 -14.125 -4.0 -1 0.25 0.5 0 2.5 gain_func_r000_031_007
31 16 1 488 0 0.0 -13.875 -4.0 -1 0.25 0.5 0 2.5 gain_func_r000_031_008
31 18 1 489 0 0.0 -13.625 -4.0 -1 0.25 0.5 0 2.5 gain_func_r000_031_009
31 20 1 490 0 0.0 -13.375 -4.0 -1 0.25 0.5 0 2.5 gain_func_r000_031_010
31 22 1 491 0 0.0 -13.125 -4.0 -1 0.25 0.5 0 2.5 gain_func_r000_031_011
31 24 1 492 0 0.0 -12.875 -4.0 -1 0.25 0.5 0 2.5 gain_func_r000_031_012
31 26 1 493 0 0.0 -12.625 -4.0 -1 0.25 0.5 0 2.5 gain_func_r000_031_013
31 28 1 494 0 0.0 -12.375 -4.0 -1 0.25 0.5 0 2.5 gain_func_r000_031_014
31 30 1 495 0 0.0 -12.125 -4.0 -1 0.25 0.5 0 2.5 gain_func_r000_031_015
31 32 1 496 0 0.0 -11.875 -4.0 -1 0.25 0.5 0 2.5 gain_func_r000_031_016
31 34 1 497 0 0.0 -11.625 -4.0 -1 0.25 0.5 0 2.5 gain_func_r000_031_017
31 36 1 498 0 0.0 -11.375 -4.0 -1 0.25 0.5 0 2.5 gain_func_r000_031_018
31 38 1 499 0 0.0 -11.125 -4.0 -1 0.25 0.5 0 2.5 gain_func_r000_031_019
31 40 1 500 0 0.0 -10.875 -4.0 -1 0.25 0.5 0 2.5 gain_func_r000_031_020
31 42 1 501 0 0.0 -10.625 -4.0 -1 0.25 0.5 0 2.5 gain_func_r000_031_021
31 44 1 502 0 0.0 -10.375 -4.0 -1 0.25 0.5 0 2.5 gain_func_r000_031_022
31 46 1 503 0 0.0 -10.125 -4.0 -1 0.25 0.5 0 2.5 gain_func_r000_031_023
31 48 1 504 0 0.0 -9.875 -4.0 -1 0.25 0.5 0 2.5 gain_func_r000_031_024
31 50 1 505 0 0.0 -9.625 -4.0 -1 0.25 0.5 0 2.5 gain_func_r000_031_025
31 52 1 506 0 0.0 -9.375 -4.0 -1 0.25 0.5 0 2.5 gain_func_r000_031_026
31 54 1 507 0 0.0 -9.125 -4.0 -1 0.25 0.5 0 2.5 gain_func_r000_031_027
31 56 1 508 0 0.0 -8.875 -4.0 -1 0.25 0.5 0 2.5 gain_func_r000_031_028
31 58 1 509 0 0.0 -8.625 -4.0 -1 0.25 0.5 0 2.5 gain_func_r000_031_029
31 60 1 510 0 0.0 -8.375 -4.0 -1 0.25 0.5 0 2.5 gain_func_r000_031_030
31 62 1 511 0 0.0 -8.125 -4.0 -1 0.25 0.5 0 2.5 gain_func_r000_031_031
32 0 0 0 0 15.875 0.0 0.0 0.25 -1 0.5 1 2.5 gain_func_r000_032_000
32 2 0 1 0 15.625 0.0 0.0 0.25 -1 0.5 0 2.5 gain_func_r000_032_001
32 4 0 2 0 15.375 0.0 0.0 0.25 -1 0.5 0 2.5 gain_func_r000_032_002
32 6 0 3 0 15.125 0.0 0.0 0.25 -1 0.5 0 2.5 gain_func_r000_032_003
32 8 0 4 0 14.875 0.0 0.0 0.25 -1 0.5 0 2.5 gain_func_r000_032_004
32 10 0 5 0 14.625 0.0 0.0 0.25 -1 0.5 0 2.5 gain_func_r000_032_005
32 12 0 6 0 14.375 0.0 0.0 0.25 -1 0.5 0 2.5 gain_func_r000_032_006
32 14 0 7 0 14.125 0.0 0.0 0.25 -1 0.5 0 2.5 gain_func_r000_032_007
32 16 0 8 0 13.875 0.0 0.0 0.25 -1 0.5 0 2.5 gain_func_r000_032_008
32 18 0 9 0 13.625 0.0 0.0 0.25 -1 0.5 0 2.5 gain_func_r000_032_009
32 20 0 10 0 13.375 0.0 0.0 0.25 -1 0.5 0 2.5 gain_func_r000_032_010
32 22 0 11 0 13.125 0.0 0.0 0.25 -1 0.5 0 2.5 gain_func_r000_032_011
32 24 0 12 0 12.875 0.0 0.0 0.25 -1 0.5 0 2.5 gain_func_r000_032_012
32 26 0 13 0 12.625 0.0 0.0 0.25 -1 0.5 0 2.5 gain_func_r000_032_013
32 28 0 14 0 12.375 0.0 0.0 0.25 -1 0.5 0 2.5 gain_func_r000_032_014
32 30 0 15 0 12.125 0.0 0.0 0.25 -1 0.5 0 2.5 gain_func_r000_032_015
32 32 0 16 0 11.875 0.0 0.0 0.25 -1 0.5 0 2.5 gain_func_r000_032_016
32 34 0 17 0 11.625 0.0 0.0 0.25 -1 0.5 0 2.5 gain_func_r000_032_017
32 36 0 18 0 11.375 0.0 0.0 0.25 -1 0.5 0 2.5 gain_func_r000_032_018
32 38 0 19 0 11.125 0.0 0.0 0.25 -1 0.5 0 2.5 gain_func_r000_032_019
32 40 0 20 0 10.875 0.0 0.0 0.25 -1 0.5 0 2.5 gain_func_r000_032_020
32 42 0 21 0 10.625 0.0 0.0 0.25 -1 0.5 0 2.5 gain_func_r000_032_021
32 44 0 22 0 10.375 0.0 0.0 0.25 -1 0.5 0 2.5 gain_func_r000_032_022
32 46 0 23 0 10.125 0.0 0.0 0.25 -1 0.5 0 2.5 gain_func_r000_032_023
32 48 0 24 0 9.875 0.0 0.0 0.25 -1 0.5 0 2.5 gain_func_r000_032_024
32 50 0 25 0 9.625 0.0 0.0 0.25 -1 0.5 0 2.5 gain_func_r000_032_025
32 52 0 26 0 9.375 0.0 0.0 0.25 -1 0.5 0 2.5 gain_func_r000_032_026
32 54 0 27 0 9.125 0.0 0.0 0.25 -1 0.5 0 2.5 gain_func_r000_032_027
32 56 0 28 0 8.875 0.0 0.0 0.25 -1 0.5 0 2.5 gain_func_r000_032_028
32 58 0 29 0 8.625 0.0 0.0 0.25 -1 0.5 0 2.5 gain_func_r000_032_029
32 60 0 30 0 8.375 0.0 0.0 0.25 -1 0.5 0 2.5 gain_func_r000_032_030
32 62 0 31 0 8.125 0.0 0.0 0.25 -1 0.5 0 2.5 gain_func_r000_032_031
33 0 0 32 0 7.875 0.0 0.0 0.25 -1 0.5 0 2.5 gain_func_r000_033_000
33 2 0 33 0 7.625 0.0 0.0 0.25 -1 0.5 0 2.5 gain_func_r000_033_001
33 4 0 34 0 7.375 0.0 0.0 0.25 -1 0.5 0 2.5 gain_func_r000_033_002
33 6 0 35 0 7.125 0.0 0.0 0.25 -1 0.5 0 2.5 gain_func_r000_033_003
33 8 0 36 0 6.875 0.0 0.0 0.25 -1 0.5 0 2.5 gain_func_r000_033_004
33 10 0 37 0 6.625 0.0 0.0 0.25 -1 0.5 0 2.5 gain_func_r000_033_005
33 12 0 38 0 6.375 0.0 0.0 0.25 -1 0.5 0 2.5 gain_func_r000_033_006
33 14 0 39 0 6.125 0.0 0.0 0.25 -1 0.5 0 2.5 gain_func_r000_033_007
33 16 0 40 0 5.875 0.0 0.0 0.25 -1 0.5 0 2.5 gain_func_r000_033_008
33 18 0 41 0 5.625 0.0 0.0 0.25 -1 0.5 0 2.5 gain_func_r000_033_009
33 20 0 42 0 5.375 0.0 0.0 0.25 -1 0.5 0 2.5 gain_func_r000_033_010
33 22 0 43 0 5.125 0.0 0.0 0.25 -1 0.5 0 2.5 gain_func_r000_033_011
33 24 0 44 0 4.875 0.0 0.0 0.25 -1 0.5 0 2.5 gain_func_r000_033_012
33 26 0 45 0 4.625 0.0 0.0 0.25 -1 0.5 0 2.5 gain_func_r000_033_013
33 28 0 46 0 4.375 0.0 0.0 0.25 -1 0.5 0 2.5 gain_func_r000_033_014
33 30 0 47 0 4.125 0.0 0.0 0.25 -1 0.5 0 2.5 gain_func_r000_033_015
33 32 0 48 0 3.875 0.0 0.0 0.25 -1 0.5 0 2.5 gain_func_r000_033_016
33 34 0 49 0 3.625 0.0 0.0 0.25 -1 0.5 0 2.5 gain_func_r000_033_017
33 36 0 50 0 3.375 0.0 0.0 0.25 -1 0.5 0 2.5 gain_func_r000_033_018
33 38 0 51 0 3.125 0.0 0.0 0.25 -1 0.5 0 2.5 gain_func_r000_033_019
33 40 0 52 0 2.875 0.0 0.0 0.25 -1 0.5 0 2.5 gain_func_r000_033_020
33 42 0 53 0 2.625 0.0 0.0 0.25 -1 0.5 0 2.5 gain_func_r000_033_021
33 44 0 54 0 2.375 0.0 0.0 0.25 -1 0.5 0 2.5 gain_func_r000_033_022
33 46 0 55 0 2.125 0.0 0.0 0.25 -1 0.5 0 2.5 gain_func_r000_033_023
33 48 0 56 0 1.875 0.0 0.0 0.25 -1 0.5 0 2.5 gain_func_r000_033_024
33 50 0 57 0 1.625 0.0 0.0 0.25 -1 0.5 0 2.5 gain_func_r000_033_025
33 52 0 58 0 1.375 0.0 0.0 0.25 -1 0.5 0 2.5 gain_func_r000_033_026
33 54 0 59 0 1.125 0.0 0.0 0.25 -1 0.5 0 2.5 gain_func_r000_033_027
33 56 0 60 0 0.875 0.0 0.0 0.25 -1 0.5 0 2.5 gain_func_r000_033_028
33 58 0 61 0 0.625 0.0 0.0 0.25 -1 0.5 0 2.5 gain_func_r000_033_029
33 60 0 62 0 0.375 0.0 0.0 0.25 -1 0.5 0 2.5 gain_func_r000_033_030
33 62 0 63 0 0.125 0.0 0.0 0.25 -1 0.5 0 2.5 gain_func_r000_033_031
34 0 0 64 0 -0.125 0.0 0.0 0.25 -1 0.5 0 2.5 gain_func_r000_034_000
34 2 0 65 0 -0.375 0.0 0.0 0.25 -1 0.5 0 2.5 gain_func_r000_034_001
34 4 0 66 0 -0.625 0.0 0.0 0.25 -1 0.5 0 2.5 gain_func_r000_034_002
34 6 0 67 0 -0.875 0.0 0.0 0.25 -1 0.5 0 2.5 gain_func_r000_034_003
34 8 0 68 0 -1.125 0.0 0.0 0.25 -1 0.5 0 2.5 gain_func_r000_034_004
34 10 0 69 0 -1.375 0.0 0.0 0.25 -1 0.5 0 2.5 gain_func_r000_034_005
34 12 0 70 0 -1.625 0.0 0.0 0.25 -1 0.5 0 2.5 gain_func_r000_034_006
34 14 0 71 0 -1.875 0.0 0.0 0.25 -1 0.5 0 2.5 gain_func_r000_034_007
34 16 0 72 0 -2.125 0.0 0.0 0.25 -1 0.5 0 2.5 gain_func_r000_034_008
34 18 0 73 0 -2.375 0.0 0.0 0.25 -1 0.5 0 2.5 gain_func_r000_034_009
34 20 0 74 0 -2.625 0.0 0.0 0.25 -1 0.5 0 2.5 gain_func_r000_034_010
34 22 0 75 0 -2.875 0.0 0.0 0.25 -1 0.5 0 2.5 gain_func_r000_034_011
34 24 0 76 0 -3.125 0.0 0.0 0.25 -1 0.5 0 2.5 gain_func_r000_034_012
34 26 0 77 0 -3.375 0.0 0.0 0.25 -1 0.5 0 2.5 gain_func_r000_034_013
34 28 0 78 0 -3.625 0.0 0.0 0.25 -1 0.5 0 2.5 gain_func_r000_034_014
34 30 0 79 0 -3.875 0.0 0.0 0.25 -1 0.5 0 2.5 gain_func_r000_034_015
34 32 0 80 0 -4.125 0.0 0.0 0.25 -1 0.5 0 2.5 gain_func_r000_034_016
34 34 0 81 0 -4.375 0.0 0.0 0.25 -1 0.5 0 2.5 gain_func_r000_034_017
34 36 0 82 0 -4.625 0.0 0.0 0.25 -1 0.5 0 2.5 gain_func_r000_034_018
34 38 0 83 0 -4.875 0.0 0.0 0.25 -1 0.5 0 2.5 gain_func_r000_034_019
34 40 0 84 0 -5.125 0.0 0.0 0.25 -1 0.5 0 2.5 gain_func_r000_034_020
34 42 0 85 0 -5.375 0.0 0.0 0.25 -1 0.5 0 2.5 gain_func_r000_034_021
34 44 0 86 0 -5.625 0.0 0.0 0.25 -1 0.5 0 2.5 gain_func_r000_034_022
34 46 0 87 0 -5.875 0.0 0.0 0.25 -1 0.5 0 2.5 gain_func_r000_034_023
34 48 0 88 0 -6.125 0.0 0.0 0.25 -1 0.5 0 2.5 gain_func_r000_034_024
34 50 0 89 0 -6.375 0.0 0.0 0.25 -1 0.5 0 2.5 gain_func_r000_034_025
34 52 0 90 0 -6.625 0.0 0.0 0.25 -1 0.5 0 2.5 gain_func_r000_034_026
34 54 0 91 0 -6.875 0.0 0.0 0.25 -1 0.5 0 2.5 gain_func_r000_034_027
34 56 0 92 0 -7.125 0.0 0.0 0.25 -1 0.5 0 2.5 gain_func_r000_034_028
34 58 0 93 0 -7.375 0.0 0.0 0.25 -1 0.5 0 2.5 gain_func_r000_034_029
34 60 0 94 0 -7.625 0.0 0.0 0.25 -1 0.5 0 2.5 gain_func_r000_034_030
34 62 0 95 0 -7.875 0.0 0.0 0.25 -1 0.5 0 2.5 gain_func_r000_034_031
35 0 0 96 0 -8.125 0.0 0.0 0.25 -1 0.5 0 2.5 gain_func_r000_035_000
35 2 0 97 0 -8.375 0.0 0.0 0.25 -1 0.5 0 2.5 gain_func_r000_035_001
35 4 0 98 0 -8.625 0.0 0.0 0.25 -1 0.5 0 2.5 gain_func_r000_035_002
35 6 0 99 0 -8.875 0.0 0.0 0.25 -1 0.5 0 2.5 gain_func_r000_035_003
35 8 0 100 0 -9.125 0.0 0.0 0.25 -1 0.5 0 2.5 gain_func_r000_035_004
35 10 0 101 0 -9.375 0.0 0.0 0.25 -1 0.5 0 2.5 gain_func_r000_035_005
35 12 0 102 0 -9.625 0.0 0.0 0.25 -1 0.5 0 2.5 gain_func_r000_035_006
35 14 0 103 0 -9.875 0.0 0.0 0.25 -1 0.5 0 2.5 gain_func_r000_035_007
35 16 0 104 0 -10.125 0.0 0.0 0.25 -1 0.5 0 2.5 gain_func_r000_035_008
35 18 0 105 0 -10.375 0.0 0.0 0.25 -1 0.5 0 2.5 gain_func_r000_035_009
35 20 0 106 0 -10.625 0.0 0.0 0.25 -1 0.5 0 2.5 gain_func_r000_035_010
35 22 0 107 0 -10.875 0.0 0.0 0.25 -1 0.5 0 2.5 gain_func_r000_035_011
35 24 0 108 0 -11.125 0.0 0.0 0.25 -1 0.5 0 2.5 gain_func_r000_035_012
35 26 0 109 0 -11.375 0.0 0.0 0.25 -1 0.5 0 2.5 gain_func_r000_035_013
35 28 0 110 0 -11.625 0.0 0.0 0.25 -1 0.5 0 2.5 gain_func_r000_035_014
35 30 0 111 0 -11.875 0.0 0.0 0.25 -1 0.5 0 2.5 gain_func_r000_035_015
35 32 0 112 0 -12.125 0.0 0.0 0.25 -1 0.5 0 2.5 gain_func_r000_035_016
35 34 0 113 0 -12.375 0.0 0.0 0.25 -1 0.5 0 2.5 gain_func_r000_035_017
35 36 0 114 0 -12.625 0.0 0.0 0.25 -1 0.5 0 2.5 gain_func_r000_035_018
35 38 0 115 0 -12.875 0.0 0.0 0.25 -1 0.5 0 2.5 gain_func_r000_035_019
35 40 0 116 0 -13.125 0.0 0.0 0.25 -1 0.5 0 2.5 gain_func_r000_035_020
35 42 0 117 0 -13.375 0.0 0.0 0.25 -1 0.5 0 2.5 gain_func_r000_035_021
35 44 0 118 0 -13.625 0.0 0.0 0.25 -1 0.5 0 2.5 gain_func_r000_035_022
35 46 0 119 0 -13.875 0.0 0.0 0.25 -1 0.5 0 2.5 gain_func_r000_035_023
35 48 0 120 0 -14.125 0.0 0.0 0.25 -1 0.5 0 2.5 gain_func_r000_035_024
35 50 0 121 0 -14.375 0.0 0.0 0.25 -1 0.5 0 2.5 gain_func_r000_035_025
35 52 0 122 0 -14.625 0.0 0.0 0.25 -1 0.5 0 2.5 gain_func_r000_035_026
35 54 0 123 0 -14.875 0.0 0.0 0.25 -1 0.5 0 2.5 gain_func_r000_035_027
35 56 0 124 0 -15.125 0.0 0.0 0.25 -1 0.5 0 2.5 gain_func_r000_035_028
35 58 0 125 0 -15.375 0.0 0.0 0.25 -1 0.5 0 2.5 gain_func_r000_035_029
35 60 0 126 0 -15.625 0.0 0.0 0.25 -1 0.5 0 2.5 gain_func_r000_035_030
35 62 0 127 0 -15.875 0.0 0.0 0.25 -1 0.5 1 2.5 gain_func_r000_035_031
36 0 0 128 0 0.0 8.125 0.0 -1 0.25 0.5 0 2.5 gain_func_r000_036_000
36 2 0 129 0 0.0 8.375 0.0 -1 0.25 0.5 0 2.5 gain_func_r000_036_001
36 4 0 130 0 0.0 8.625 0.0 -1 0.25 0.5 0 2.5 gain_func_r000_036_002
36 6 0 131 0 0.0 8.875 0.0 -1 0.25 0.5 0 2.5 gain_func_r000_036_003
36 8 0 132 0 0.0 9.125 0.0 -1 0.25 0.5 0 2.5 gain_func_r000_036_004
36 10 0 133 0 0.0 9.375 0.0 -1 0.25 0.5 0 2.5 gain_func_r000_036_005
36 12 0 134 0 0.0 9.625 0.0 -1 0.25 0.5 0 2.5 gain_func_r000_036_006
36 14 0 135 0 0.0 9.875 0.0 -1 0.25 0.5 0 2.5 gain_func_r000_036_007
36 16 0 136 0 0.0 10.125 0.0 -1 0.25 0.5 0 2.5 gain_func_r000_036_008
36 18 0 137 0 0.0 10.375 0.0 -1 0.25 0.5 0 2.5 gain_func_r000_036_009
36 20 0 138 0 0.0 10.625 0.0 -1 0.25 0.5 0 2.5 gain_func_r000_036_010
36 22 0 139 0 0.0 10.875 0.0 -1 0.25 0.5 0 2.5 gain_func_r000_036_011
36 24 0 140 0 0.0 11.125 0.0 -1 0.25 0.5 0 2.5 gain_func_r000_036_012
36 26 0 141 0 0.0 11.375 0.0 -1 0.25 0.5 0 2.5 gain_func_r000_036_013
36 28 0 142 0 0.0 11.625 0.0 -1 0.25 0.5 0 2.5 gain_func_r000_036_014
36 30 0 143 0 0.0 11.875 0.0 -1 0.25 0.5 0 2.5 gain_func_r000_036_015
36 32 0 144 0 0.0 12.125 0.0 -1 0.25 0.5 0 2.5 gain_func_r000_036_016
36 34 0 145 0 0.0 12.375 0.0 -1 0.25 0.5 0 2.5 gain_func_r000_036_017
36 36 0 146 0 0.0 12.625 0.0 -1 0.25 0.5 0 2.5 gain_func_r000_036_018
36 38 0 147 0 0.0 12.875 0.0 -1 0.25 0.5 0 2.5 gain_func_r000_036_019
36 40 0 148 0 0.0 13.125 0.0 -1 0.25 0.5 0 2.5 gain_func_r000_036_020
36 42 0 149 0 0.0 13.375 0.0 -1 0.25 0.5 0 2.5 gain_func_r000_036_021
36 44 0 150 0 0.0 13.625 0.0 -1 0.25 0.5 0 2.5 gain_func_r000_036_022
36 46 0 151 0 0.0 13.875 0.0 -1 0.25 0.5 0 2.5 gain_func_r000_036_023
36 48 0 152 0 0.0 14.125 0.0 -1 0.25 0.5 0 2.5 gain_func_r000_036_024
36 50 0 153 0 0.0 14.375 0.0 -1 0.25 0.5 0 2.5 gain_func_r000_036_025
36 52 0 154 0 0.0 14.625 0.0 -1 0.25 0.5 0 2.5 gain_func_r000_036_026
36 54 0 155 0 0.0 14.875 0.0 -1 0.25 0.5 0 2.5 gain_func_r000_036_027
36 56 0 156 0 0.0 15.125 0.0 -1 0.25 0.5 0 2.5 gain_func_r000_036_028
36 58 0 157 0 0.0 15.375 0.0 -1 0.25 0.5 0 2.5 gain_func_r000_036_029
36 60 0 158 0 0.0 15.625 0.0 -1 0.25 0.5 0 2.5 gain_func_r000_036_030
36 62 0 159 0 0.0 15.875 0.0 -1 0.25 0.5 0 2.5 gain_func_r000_036_031
37 0 0 160 0 0.0 0.125 0.0 -1 0.25 0.5 0 2.5 gain_func_r000_037_000
37 2 0 161 0 0.0 0.375 0.0 -1 0.25 0.5 0 2.5 gain_func_r000_037_001
37 4 0 162 0 0.0 0.625 0.0 -1 0.25 0.5 0 2.5 gain_func_r000_037_002
37 6 0 163 0 0.0 0.875 0.0 -1 0.25 0.5 0 2.5 gain_func_r000_037_003
37 8 0 164 0 0.0 1.125 0.0 -1 0.25 0.5 0 2.5 gain_func_r000_037_004
37 10 0 165 0 0.0 1.375 0.0 -1 0.25 0.5 0 2.5 gain_func_r000_037_005
37 12 0 166 0 0.0 1.625 0.0 -1 0.25 0.5 0 2.5 gain_func_r000_037_006
37 14 0 167 0 0.0 1.875 0.0 -1 0.25 0.5 0 2.5 gain_func_r000_037_007
37 16 0 168 0 0.0 2.125 0.0 -1 0.25 0.5 0 2.5 gain_func_r000_037_008
37 18 0 169 0 0.0 2.375 0.0 -1 0.25 0.5 0 2.5 gain_func_r000_037_009
37 20 0 170 0 0.0 2.625 0.0 -1 0.25 0.5 0 2.5 gain_func_r000_037_010
37 22 0 171 0 0.0 2.875 0.0 -1 0.25 0.5 0 2.5 gain_func_r000_037_011
37 24 0 172 0 0.0 3.125 0.0 -1 0.25 0.5 0 2.5 gain_func_r000_037_012
37 26 0 173 0 0.0 3.375 0.0 -1 0.25 0.5 0 2.5 gain_func_r000_037_013
37 28 0 174 0 0.0 3.625 0.0 -1 0.25 0.5 0 2.5 gain_func_r000_037_014
37 30 0 175 0 0.0 3.875 0.0 -1 0.25 0.5 0 2.5 gain_func_r000_037_015
37 32 0 176 0 0.0 4.125 0.0 -1 0.25 0.5 0 2.5 gain_func_r000_037_016
37 34 0 177 0 0.0 4.375 0.0 -1 0.25 0.5 0 2.5 gain_func_r000_037_017
37 36 0 178 0 0.0 4.625 0.0 -1 0.25 0.5 0 2.5 gain_func_r000_037_018
37 38 0 179 0 0.0 4.875 0.0 -1 0.25 0.5 0 2.5 gain_func_r000_037_019
37 40 0 180 0 0.0 5.125 0.0 -1 0.25 0.5 0 2.5 gain_func_r000_037_020
37 42 0 181 0 0.0 5.375 0.0 -1 0.25 0.5 0 2.5 gain_func_r000_037_021
37 44 0 182 0 0.0 5.625 0.0 -1 0.25 0.5 0 2.5 gain_func_r000_037_022
37 46 0 183 0 0.0 5.875 0.0 -1 0.25 0.5 0 2.5 gain_func_r000_037_023
37 48 0 184 0 0.0 6.125 0.0 -1 0.25 0.5 0 2.5 gain_func_r000_037_024
37 50 0 185 0 0.0 6.375 0.0 -1 0.25 0.5 0 2.5 gain_func_r000_037_025
37 52 0 186 0 0.0 6.625 0.0 -1 0.25 0.5 0 2.5 gain_func_r000_037_026
37 54 0 187 0 0.0 6.875 0.0 -1 0.25 0.5 0 2.5 gain_func_r000_037_027
37 56 0 188 0 0.0 7.125 0.0 -1 0.25 0.5 0 2.5 gain_func_r000_037_028
37 58 0 189 0 0.0 7.375 0.0 -1 0.25 0.5 0 2.5 gain_func_r000_037_029
37 60 0 190 0 0.0 7.625 0.0 -1 0.25 0.5 0 2.5 gain_func_r000_037_030
37 62 0 191 0 0.0 7.875 0.0 -1 0.25 0.5 0 2.5 gain_func_r000_037_031
38 0 0 192 0 0.0 -7.875 0.0 -1 0.25 0.5 0 2.5 gain_func_r000_038_000
38 2 0 193 0 0.0 -7.625 0.0 -1 0.25 0.5 0 2.5 gain_func_r000_038_001
38 4 0 194 0 0.0 -7.375 0.0 -1 0.25 0.5 0 2.5 gain_func_r000_038_002
38 6 0 195 0 0.0 -7.125 0.0 -1 0.25 0.5 0 2.5 gain_func_r000_038_003
38 8 0 196 0 0.0 -6.875 0.0 -1 0.25 0.5 0 2.5 gain_func_r000_038_004
38 10 0 197 0 0.0 -6.625 0.0 -1 0.25 0.5 0 2.5 gain_func_r000_038_005
38 12 0 198 0 0.0 -6.375 0.0 -1 0.25 0.5 0 2.5 gain_func_r000_038_006
38 14 0 199 0 0.0 -6.125 0.0 -1 0.25 0.5 0 2.5 gain_func_r000_038_007
38 16 0 200 0 0.0 -5.875 0.0 -1 0.25 0.5 0 2.5 gain_func_r000_038_008
38 18 0 201 0 0.0 -5.625 0.0 -1 0.25 0.5 0 2.5 gain_func_r000_038_009
38 20 0 202 0 0.0 -5.375 0.0 -1 0.25 0.5 0 2.5 gain_func_r000_038_010
38 22 0 203 0 0.0 -5.125 0.0 -1 0.25 0.5 0 2.5 gain_func_r000_038_011
38 24 0 204 0 0.0 -4.875 0.0 -1 0.25 0.5 0 2.5 gain_func_r000_038_012
38 26 0 205 0 0.0 -4.625 0.0 -1 0.25 0.5 0 2.5 gain_func_r000_038_013
38 28 0 206 0 0.0 -4.375 0.0 -1 0.25 0.5 0 2.5 gain_func_r000_038_014
38 30 0 207 0 0.0 -4.125 0.0 -1 0.25 0.5 0 2.5 gain_func_r000_038_015
38 32 0 208 0 0.0 -3.875 0.0 -1 0.25 0.5 0 2.5 gain_func_r000_038_016
38 34 0 209 0 0.0 -3.625 0.0 -1 0.25 0.5 0 2.5 gain_func_r000_038_017
38 36 0 210 0 0.0 -3.375 0.0 -1 0.25 0.5 0 2.5 gain_func_r000_038_018
38 38 0 211 0 0.0 -3.125 0.0 -1 0.25 0.5 0 2.5 gain_func_r000_038_019
38 40 0 212 0 0.0 -2.875 0.0 -1 0.25 0.5 0 2.5 gain_func_r000_038_020
38 42 0 213 0 0.0 -2.625 0.0 -1 0.25 0.5 0 2.5 gain_func_r000_038_021
38 44 0 214 0 0.0 -2.375 0.0 -1 0.25 0.5 0 2.5 gain_func_r000_038_022
38 46 0 215 0 0.0 -2.125 0.0 -1 0.25 0.5 0 2.5 gain_func_r000_038_023
38 48 0 216 0 0.0 -1.875 0.0 -1 0.25 0.5 0 2.5 gain_func_r000_038_024
38 50 0 217 0 0.0 -1.625 0.0 -1 0.25 0.5 0 2.5 gain_func_r000_038_025
38 52 0 218 0 0.0 -1.375 0.0 -1 0.25 0.5 0 2.5 gain_func_r000_038_026
38 54 0 219 0 0.0 -1.125 0.0 -1 0.25 0.5 0 2.5 gain_func_r000_038_027
38 56 0 220 0 0.0 -0.875 0.0 -1 0.25 0.5 0 2.5 gain_func_r000_038_028
38 58 0 221 0 0.0 -0.625 0.0 -1 0.25 0.5 0 2.5 gain_func_r000_038_029
38 60 0 222 0 0.0 -0.375 0.0 -1 0.25 0.5 0 2.5 gain_func_r000_038_030
38 62 0 223 0 0.0 -0.125 0.0 -1 0.25 0.5 0 2.5 gain_func_r000_038_031
39 0 0 224 0 0.0 -15.875 0.0 -1 0.25 0.5 0 2.5 gain_func_r000_039_000
39 2 0 225 0 0.0 -15.625 0.0 -1 0.25 0.5 0 2.5 gain_func_r000_039_001
39 4 0 226 0 0.0 -15.375 0.0 -1 0.25 0.5 0 2.5 gain_func_r000_039_002
39 6 0 227 0 0.0 -15.125 0.0 -1 0.25 0.5 0 2.5 gain_func_r000_039_003
39 8 0 228 0 0.0 -14.875 0.0 -1 0.25 0.5 0 2.5 gain_func_r000_039_004
39 10 0 229 0 0.0 -14.625 0.0 -1 0.25 0.5 0 2.5 gain_func_r000_039_005
39 12 0 230 0 0.0 -14.375 0.0 -1 0.25 0.5 0 2.5 gain_func_r000_039_006
39 14 0 231 0 0.0 -14.125 0.0 -1 0.25 0.5 0 2.5 gain_func_r000_039_007
39 16 0 232 0 0.0 -13.875 0.0 -1 0.25 0.5 0 2.5 gain_func_r000_039_008
39 18 0 233 0 0.0 -13.625 0.0 -1 0.25 0.5 0 2.5 gain_func_r000_039_009
39 20 0 234 0 0.0 -13.375 0.0 -1 0.25 0.5 0 2.5 gain_func_r000_039_010
39 22 0 235 0 0.0 -13.125 0.0 -1 0.25 0.5 0 2.5 gain_func_r000_039_011
39 24 0 236 0 0.0 -12.875 0.0 -1 0.25 0.5 0 2.5 gain_func_r000_039_012
39 26 0 237 0 0.0 -12.625 0.0 -1 0.25 0.5 0 2.5 gain_func_r000_039_013
39 28 0 238 0 0.0 -12.375 0.0 -1 0.25 0.5 0 2.5 gain_func_r000_039_014
39 30 0 239 0 0.0 -12.125 0.0 -1 0.25 0.5 0 2.5 gain_func_r000_039_015
39 32 0 240 0 0.0 -11.875 0.0 -1 0.25 0.5 0 2.5 gain_func_r000_039_016
39 34 0 241 0 0.0 -11.625 0.0 -1 0.25 0.5 0 2.5 gain_func_r000_039_017
39 36 0 242 0 0.0 -11.375 0.0 -1 0.25 0.5 0 2.5 gain_func_r000_039_018
39 38 0 243 0 0.0 -11.125 0.0 -1 0.25 0.5 0 2.5 gain_func_r000_039_019
39 40 0 244 0 0.0 -10.875 0.0 -1 0.25 0.5 0 2.5 gain_func_r000_039_020
39 42 0 245 0 0.0 -10.625 0.0 -1 0.25 0.5 0 2.5 gain_func_r000_039_021
39 44 0 246 0 0.0 -10.375 0.0 -1 0.25 0.5 0 2.5 gain_func_r000_039_022
39 46 0 247 0 0.0 -10.125 0.0 -1 0.25 0.5 0 2.5 gain_func_r000_039_023
39 48 0 248 0 0.0 -9.875 0.0 -1 0.25 0.5 0 2.5 gain_func_r000_039_024
39 50 0 249 0 0.0 -9.625 0.0 -1 0.25 0.5 0 2.5 gain_func_r000_039_025
39 52 0 250 0 0.0 -9.375 0.0 -1 0.25 0.5 0 2.5 gain_func_r000_039_026
39 54 0 251 0 0.0 -9.125 0.0 -1 0.25 0.5 0 2.5 gain_func_r000_039_027
39 56 0 252 0 0.0 -8.875 0.0 -1 0.25 0.5 0 2.5 gain_func_r000_039_028
39 58 0 253 0 0.0 -8.625 0.0 -1 0.25 0.5 0 2.5 gain_func_r000_039_029
39 60 0 254 0 0.0 -8.375 0.0 -1 0.25 0.5 0 2.5 gain_func_r000_039_030
39 62 0 255 0 0.0 -8.125 0.0 -1 0.25 0.5 0 2.5 gain_func_r000_039_031
